example/cornalle_dem.asc
ncols        143
nrows        86
xllcorner    2547202.000000000000
yllcorner    1149344.000000000000
cellsize     3.000000000000
NODATA_value  590
[rows 20 to 39 of 86, columns 46 to 91 of 143]
638.25 637.899993896484375 637.4000244140625 637.79998779296875 637.350006103515625 636.9000244140625 637.06667073567712123 637.100006103515625 637.20001220703125 637.06667073567712123 637 636.9000244140625 636.850006103515625 636.75 636.70001220703125 636.4000244140625 636.20001220703125 636.0999755859375 636.100006103515625 635.850006103515625 635.699981689453125 635.5 635.4000244140625 635.29998779296875 635.20001220703125 635.850006103515625 636.70001220703125 637 637.550018310546875 639.20001220703125 640.45001220703125 641.0999755859375 641.800018310546875 642.4000244140625 643.6500244140625 644.5999755859375 645.79998779296875 646.9000244140625 647.20001220703125 648 648.9000244140625 650.04998779296875 651.5999755859375 652.949981689453125 653.9000244140625 655.050018310546875
637.70001220703125 637.36665852864587123 636.79998779296875 636.9000244140625 636.70001220703125 636.79998779296875 636.70001220703125 636.75 636.70001220703125 636.75 636.600006103515625 636.5 636.4000244140625 636.29998779296875 636.16666666666662877 636.04998779296875 635.850006103515625 635.75 590 635.45001220703125 635.20001220703125 634.9666748046875 634.79998779296875 634.550018310546875 634.30000813802087123 634.70001220703125 635.5999908447265625 636.4000244140625 636.26666259765625 638.5 640 640.75 641.33333333333337123 641.29998779296875 642.4000091552734375 643.75 645.03334554036462123 646.25 647.100006103515625 647.26666259765625 647.899993896484375 648.774993896484375 649.45001220703125 651.06667073567712123 652.04998779296875 652.574981689453125
636.9000244140625 636.5 636.29998779296875 636.350006103515625 636.300018310546875 636.25 636.20001220703125 636.4000244140625 636.29998779296875 636.29998779296875 636.20001220703125 636 635.9666748046875 636 635.79998779296875 635.699981689453125 635.5 635.350006103515625 635.199981689453125 635 634.800018310546875 634.5999755859375 634.25 633.79998779296875 633.449981689453125 633.70001220703125 634.20001220703125 634.899993896484375 636.29998779296875 638.04998779296875 639.0999755859375 639.5 640 641.04998779296875 642 643.29998779296875 644.5999755859375 645.149993896484375 645.9000244140625 646.100006103515625 647 647.5 647.70001220703125 649 649.9000244140625 650.5999755859375
636.449981689453125 636.04998779296875 636 636 635.9000244140625 635.79998779296875 635.70001220703125 635.75 635.73331705729162877 635.70001220703125 635.56667073567712123 635.399993896484375 635.4000244140625 635.5 635.649993896484375 635.449981689453125 635.19999186197912877 634.9000244140625 634.600006103515625 634.399993896484375 634.29998779296875 634.0999908447265625 633.649993896484375 633.23333740234375 632.86665852864587123 632.4666748046875 633.20001220703125 634.1999969482421875 635.25 636.89998372395837123 638.16666666666662877 638.63334147135412877 639.63334147135412877 640 641.20001220703125 641.850006103515625 643 644.25 644.20001220703125 644.59999593098962123 645.5333251953125 646.050018310546875 646.56667073567712123 647.63334147135412877 648.04998779296875 649.23333740234375
590 635.73331705729162877 635.550018310546875 635.46665445963537877 635.399993896484375 635.300018310546875 635.399993896484375 590 635.25 635.20001220703125 635.0999755859375 634.9000244140625 634.949981689453125 635 634.9000244140625 634.79998779296875 634.75 634.600006103515625 634.300018310546875 634 633.95001220703125 633.70001220703125 633.350006103515625 632.70001220703125 632.100006103515625 632.0999755859375 632.79998779296875 633.5 634.399993896484375 636.0999755859375 637.25 638.20001220703125 638.54998779296875 639.0999755859375 639.29998779296875 639.800018310546875 641.29998779296875 642.09999593098962123 643.0999755859375 643.600006103515625 644.29998779296875 645.199981689453125 645.9000244140625 646.70001220703125 647.050018310546875 648.29998779296875
635.79998779296875 635.399993896484375 635.0999755859375 635.20001220703125 635.04998779296875 635 635 634.95001220703125 634.83333333333337123 634.9000244140625 634.699981689453125 634.54998779296875 634.5999755859375 634.5 634.350006103515625 634.25 634.16666666666662877 634 633.83333333333337123 633.4000244140625 633.5 633.2750091552734375 632.850006103515625 632.25 631.70001220703125 631.43332926432287877 631.449981689453125 632.32501220703125 633.25 634.3249969482421875 636.100006103515625 636.86665852864587123 636.79998779296875 637.56667073567712123 637.050018310546875 639.23333740234375 640.600006103515625 641.20001220703125 642.5999908447265625 643.1500244140625 643.6750030517578125 644.5 645.06667073567712123 646.16664632161462123 646.76666259765625 647.29998779296875
635.5999755859375 635.149993896484375 634.9000244140625 634.899993896484375 634.63332112630212123 634.600006103515625 634.5999755859375 634.5 634.550018310546875 634.5 634.25 634.125 634 634.0999755859375 634 633.9000244140625 633.79998779296875 633.63332112630212123 633.29998779296875 633 632.9000244140625 632.75 632.29998779296875 631.70001220703125 631 630.79998779296875 630.70001220703125 631.70001220703125 632.70001220703125 632.9000244140625 634.149993896484375 635.350006103515625 634.79998779296875 635.75 637.04998779296875 638.70001220703125 640.04998779296875 641.4000244140625 642 642.5 643.350006103515625 644.29998779296875 644.5 645.149993896484375 646.0999755859375 647.149993896484375
635.399993896484375 634.79998779296875 634.5999755859375 634.5 634.199981689453125 634.0999755859375 634.25 634.100006103515625 633.949981689453125 633.949981689453125 633.79998779296875 633.850006103515625 633.75 633.649993896484375 633.600006103515625 633.70001220703125 633.33333333333337123 633.100006103515625 632.76666259765625 632.63334147135412877 632.45001220703125 632.20001220703125 631.89998372395837123 631.23333740234375 630.73331705729162877 630.399993896484375 630.66666666666662877 631.26668294270837123 631.850006103515625 632.63334147135412877 633.433349609375 633.649993896484375 634.16666666666662877 634.899993896484375 636.149993896484375 637.86665852864587123 639.0333251953125 640.29998779296875 640.9000244140625 641.90000406901037877 642.550018310546875 643.43332926432287877 643.76666259765625 644.300018310546875 645.23333740234375 646.0999755859375
634.83333333333337123 634.350006103515625 634.149993896484375 634.06667073567712123 633.80000813802087123 633.9000244140625 633.79998779296875 633.70001220703125 633.5 633.5 633.5 633.4000244140625 633.199981689453125 633 633.06667073567712123 632.79998779296875 632.70001220703125 632.5 632.4000244140625 632.20001220703125 632 631.79998779296875 631.350006103515625 630.9000244140625 630.25 630.20001220703125 630.5999755859375 631.050018310546875 631.70001220703125 632.149993896484375 632.70001220703125 633.13334147135412877 633.4000244140625 634.79998779296875 636.149993896484375 637.20001220703125 638.399993896484375 639.20001220703125 639.70001220703125 640.8499755859375 641.5 642.149993896484375 643 643.70001220703125 644.4000244140625 645.40000406901037877
634.4000244140625 634 633.75 633.5999755859375 633.4000244140625 633.399993896484375 633.25 633.149993896484375 633 632.9749908447265625 632.899993896484375 632.75 632.649993896484375 632.5 632.350006103515625 632.149993896484375 632.20001220703125 631.86665852864587123 631.79998779296875 631.600006103515625 631.399993896484375 631.29998779296875 630.93332926432287877 630.26666259765625 629.949981689453125 631.3000030517578125 631.1500244140625 631.100006103515625 631.59999593098962123 632.09999593098962123 632.29998779296875 632.66666666666662877 633 634.350006103515625 635.850006103515625 636.69999186197912877 637.23333740234375 638.0999755859375 639.04998779296875 639.33333333333337123 640.5 641.1999969482421875 642 642.8000030517578125 643.9000244140625 644.0999755859375
633.54998779296875 633.5 633.26666259765625 633.13334147135412877 632.850006103515625 632.79998779296875 632.70001220703125 632.600006103515625 632.5 632.5 632.29998779296875 632 631.899993896484375 632 631.79998779296875 631.70001220703125 631.70001220703125 631.5 631.20001220703125 631.0999755859375 631 630.79998779296875 630.3499755859375 629.9000244140625 630.5999755859375 631.149993896484375 631.20001220703125 631.20001220703125 631.70001220703125 632.0999755859375 632.5999755859375 632.449981689453125 632.79998779296875 633.95001220703125 635.550018310546875 636.20001220703125 636.5 636.9666748046875 637.5 637.9000244140625 638.899993896484375 640.20001220703125 641.050018310546875 641.79998779296875 642 643.0333251953125
633.0999755859375 633 632.70001220703125 632.4000244140625 632.29998779296875 632.43332926432287877 632.09999593098962123 632 631.79998779296875 631.66664632161462123 631.850006103515625 631.449981689453125 631.25 631.5 631.23333740234375 631.29998779296875 631.19999186197912877 631 630.75 630.5 630.5333251953125 630.25 629.76666259765625 630 630.5 630.89998372395837123 631.04998779296875 631.399993896484375 631.699981689453125 631.9000244140625 632.13334147135412877 632.56667073567712123 633.5999755859375 633.649993896484375 634.19999186197912877 635.16666666666662877 635.69999186197912877 636.550018310546875 637.13334147135412877 637.850006103515625 638.399993896484375 639.024993896484375 640.050018310546875 640.5 641 641.54998779296875
632.649993896484375 632.5 632.100006103515625 631.850006103515625 631.9000244140625 631.79998779296875 631.5 631.4000244140625 631.20001220703125 631 631 630.79998779296875 630.79998779296875 630.70001220703125 630.79998779296875 630.70001220703125 630.5 630.4000244140625 630.149993896484375 590 629.850006103515625 629 629.9000244140625 629.9000244140625 630.149993896484375 630.5 631.0999755859375 631.59999593098962123 631.79998779296875 631.79998779296875 632.0999755859375 632.0999755859375 632.75 632.95001220703125 633.79998779296875 634.5 635.20001220703125 636 637.25 637.5 638.1500244140625 638.5 638.9000244140625 639.70001220703125 640.63334147135412877 641.25
632.20001220703125 632 631.699981689453125 631.29998779296875 631.13334147135412877 631.16666666666662877 631 630.75 630.600006103515625 630.4666748046875 630.29998779296875 630.4666748046875 630.29998779296875 630.350006103515625 630.300018310546875 630.149993896484375 629.9666748046875 629.75 629.5 629.350006103515625 629.09999593098962123 629.36667887369787877 629.79998779296875 629.899993896484375 630.46665445963537877 631.0999755859375 631.59999593098962123 631.79998779296875 631.79998779296875 631.649993896484375 631.600006103515625 631.800018310546875 632.100006103515625 632.350006103515625 632.90000406901037877 633.93332926432287877 634.59999593098962123 635.90000406901037877 636.95001220703125 636.79998779296875 637.66666666666662877 638.199981689453125 638.76666259765625 639.29998779296875 640.04998779296875 641.20001220703125
631.36667887369787877 631.1500244140625 630.95001220703125 630.800018310546875 630.5 630.29998779296875 630.45001220703125 630 629.9000244140625 629.850006103515625 629.79998779296875 629.70001220703125 630 629.9000244140625 629.79998779296875 629.70001220703125 629.70001220703125 629.25 629 628.9000244140625 628.800018310546875 629.20001220703125 629.4000244140625 630.100006103515625 631.5999755859375 632.5 631.899993896484375 631.949981689453125 590 631.5 631.20001220703125 631.25 631.29998779296875 631.5 632.25 633.0999755859375 634 634.79998779296875 635.800018310546875 636.5999755859375 637.350006103515625 638.0999755859375 638.70001220703125 639.149993896484375 639.850006103515625 640.600006103515625
631 630.5999755859375 630.300018310546875 630.26666259765625 629.83333333333337123 629.79998779296875 629.73333740234375 629.449981689453125 629.4000244140625 629.300018310546875 629.399993896484375 629.29998779296875 629.56667073567712123 629.449981689453125 629.350006103515625 629.350006103515625 629.29998779296875 628.899993896484375 628.5333251953125 628.4666748046875 628.45001220703125 628.83331298828125 629.30000813802087123 629.93332926432287877 630.76668294270837123 631.399993896484375 631.649993896484375 631.95001220703125 631.649993896484375 631.300018310546875 630.9666748046875 630.79998779296875 630.86667887369787877 630.75 630.89998372395837123 631.99997965494787877 632.86665852864587123 634.06667073567712123 634.850006103515625 635.76666259765625 636.54998779296875 637.5749969482421875 638.25 638.75 639.100006103515625 639.70001220703125
630.4000091552734375 630.100006103515625 630 629.699981689453125 629.4000244140625 629.20001220703125 628.899993896484375 629.20001220703125 628.90000406901037877 628.79998779296875 628.79998779296875 629.100006103515625 629.29998779296875 629.0999755859375 629 628.95001220703125 628.79998779296875 628.70001220703125 628.4000244140625 628.29998779296875 628.29998779296875 628.5 629.20001220703125 630.0999755859375 630.5 631 631.36667887369787877 631.300018310546875 631.20001220703125 631 630.60001627604162877 630.5 630.20001220703125 630.20001220703125 630.29998779296875 630.5999755859375 632.350006103515625 633.70001220703125 634.26666259765625 635.4000244140625 636 636.850006103515625 637.29998779296875 638 638.5 638.80000813802087123
629.79998779296875 629.5 629.4666748046875 629.149993896484375 628.949981689453125 628.73331705729162877 628.600006103515625 628.449981689453125 628.4000244140625 590 628.50002034505212123 628.600006103515625 628.699981689453125 628.79998779296875 628.79998779296875 628.59999593098962123 628.70001220703125 628.350006103515625 628.19999186197912877 628.149993896484375 628.25 628.76668294270837123 629.199981689453125 629.699981689453125 630.26666259765625 630.899993896484375 630.9000244140625 631.100006103515625 630.850006103515625 630.56667073567712123 630.29998779296875 630.0333251953125 629.949981689453125 629.86667887369787877 629.899993896484375 630.25 631.39998372395837123 632.5999755859375 633.649993896484375 634.550018310546875 635.1999969482421875 635.75 636.4999847412109375 637.04998779296875 637.75 638.29998779296875
629.399993896484375 629.199981689453125 628.79998779296875 628.5999755859375 628.5 628.20001220703125 628 628 627.899993896484375 627.8499755859375 628.04998779296875 628.29998779296875 628.4000244140625 628.449981689453125 628.449981689453125 628.45001220703125 628.300018310546875 628.20001220703125 628 628 628.25 628.5 628.79998779296875 629.350006103515625 630.20001220703125 630.5999755859375 630.899993896484375 630.9000244140625 630.70001220703125 630.399993896484375 630 629.5999755859375 629.5 629.5 629.5 630 630.100006103515625 631.7750091552734375 633.20001220703125 633.70001220703125 634.20001220703125 634.70001220703125 635.5999755859375 636.20001220703125 636.875 637.350006103515625
628.83333333333337123 628.600006103515625 628.25 590 627.83333333333337123 627.9000244140625 627.449981689453125 627.5999755859375 627.20001220703125 627.36665852864587123 627.5 627.600006103515625 627.850006103515625 628 627.86665852864587123 628 627.79998779296875 627.59999593098962123 627.54998779296875 627.5 627.73333740234375 628.199981689453125 628.70001220703125 629.46665445963537877 630.0999755859375 630.36667887369787877 630.5 630.54998779296875 630.5 630.25 629.4000244140625 629.23333740234375 628.949981689453125 628.949981689453125 629.06667073567712123 629.5 629.9000244140625 630.850006103515625 632.29998779296875 632.70001220703125 633.26666259765625 633.83333333333337123 634.5333251953125 635.550018310546875 636 636.75
