example/cornalle_dem.asc
ncols        143
nrows        86
xllcorner    2547202.000000000000
yllcorner    1149344.000000000000
cellsize     3.000000000000
NODATA_value  590
[rows 20 to 39 of 86, columns 0 to 45 of 143]
657.95001220703125 658.53334554036462123 658.9000244140625 659.0999755859375 659 658.5999755859375 657.95001220703125 657 656 655.20001220703125 654.45001220703125 653.79998779296875 653.04998779296875 652.29998779296875 651.5999755859375 650.449981689453125 649.5 649 647.875 647.4000244140625 646.86665852864587123 646.5 646.06667073567712123 645.75 645.40000406901037877 644.96665445963537877 644.550018310546875 643.79998779296875 643.20001220703125 643 642.63334147135412877 642.5999755859375 642.75 642.5 641.9000244140625 640.850006103515625 640.5999755859375 640.4000244140625 639.86665852864587123 639.850006103515625 640 640 639.899993896484375 639.33331298828125 638.70001220703125 638.0999755859375
657.29998779296875 657.73333740234375 658.25 658.45001220703125 658.550018310546875 658.25 657.600006103515625 656.6750030517578125 655.649993896484375 654.82501220703125 654 653.3000030517578125 652.649993896484375 651.8499908447265625 650.79998779296875 650.06667073567712123 648.93332926432287877 648.70001220703125 647.5 646.70001220703125 646.5 645.79998779296875 645.600006103515625 645.0999755859375 644.79998779296875 644.449981689453125 644 643.350006103515625 642.75 642.40000406901037877 641.9000244140625 641.899993896484375 642.06667073567712123 641.79998779296875 641.59999593098962123 640.399993896484375 640.350006103515625 640.29998779296875 640 639.5999755859375 639.56667073567712123 639.70001220703125 639.70001220703125 639.100006103515625 638.33333333333337123 637.5999755859375
656.600006103515625 657.13334147135412877 657.5999755859375 657.899993896484375 590 657.75 657.0999755859375 656.199981689453125 655.0999755859375 654.29998779296875 653.4000244140625 652.79998779296875 652.20001220703125 651.5 650.5 649.79998779296875 648.649993896484375 647.70001220703125 647 645.9000244140625 645.86665852864587123 645.0999755859375 644.83333333333337123 644.59999593098962123 644.13334147135412877 643.933349609375 643.399993896484375 642.75 642.0999755859375 641.63334147135412877 641.29998779296875 641.20001220703125 641.149993896484375 641.29998779296875 641.04998779296875 639.9000244140625 639.66666666666662877 639.6500244140625 639.70001220703125 639.19999186197912877 639 638.9000244140625 639.19999186197912877 639 637.949981689453125 637.5
655.0999755859375 656.13334147135412877 656.899993896484375 657.25 657.449981689453125 657.25 656.5500030517578125 655.54998779296875 654.6250152587890625 653.600006103515625 652.800018310546875 652.149993896484375 651.6249847412109375 650.899993896484375 650.0749969482421875 648.95001220703125 648.149993896484375 647.04998779296875 646.649993896484375 646 645.04998779296875 644.5999755859375 644.20001220703125 643.9000244140625 643.600006103515625 643.20001220703125 642.79998779296875 642.225006103515625 641.600006103515625 641.23331705729162877 640.9000244140625 640.5 640.600006103515625 640.54998779296875 640.600006103515625 639.69999186197912877 639 638.79998779296875 638.8499755859375 638.649993896484375 638.79998779296875 638.70001220703125 638.66666666666662877 638.449981689453125 637.54998779296875 636.9000244140625
654.25 655.066650390625 656 656.550018310546875 656.79998779296875 656.5999755859375 656 655.149993896484375 654.20001220703125 653.149993896484375 652.29998779296875 651.54998779296875 651 650.70001220703125 649.649993896484375 648.79998779296875 648.0999755859375 646.899993896484375 646.0999755859375 645.75 644.350006103515625 644 643.63334147135412877 643.25 643.024993896484375 642.600006103515625 642.25 641.5 641.100006103515625 640.449981689453125 640.29998779296875 639.899993896484375 639.600006103515625 639.70001220703125 639.79998779296875 639.75 638.899993896484375 638.25 638 637.86665852864587123 638.04998779296875 638.20001220703125 638.0999755859375 637.9000244140625 637.06667073567712123 636.29998779296875
653.4000244140625 653.54998779296875 654.25 655.5749969482421875 656.1500244140625 656 655.45001220703125 654.600006103515625 653.649993896484375 652.649993896484375 651.8249969482421875 651 650.4000091552734375 649.75 649.16666666666662877 648.399993896484375 647.475006103515625 646.5 645.66666666666662877 645.100006103515625 643.83333333333337123 643.5999755859375 643.0999755859375 642.649993896484375 642.4000244140625 642.20001220703125 641.566650390625 641.13334147135412877 640.649993896484375 640 639.63332112630212123 639.29998779296875 639 638.96665445963537877 639.20001220703125 639.149993896484375 638.79998779296875 637.76668294270837123 637.20001220703125 637.100006103515625 637.29998779296875 637.5 637.625 637.5 637 636.100006103515625
652.800018310546875 653.0999755859375 653.600006103515625 654.20001220703125 654.75 655.20001220703125 655 654.100006103515625 653.0999755859375 652.20001220703125 651.29998779296875 650.5 649.79998779296875 649.29998779296875 648.79998779296875 647.8499755859375 646.9000244140625 646.1500244140625 645.149993896484375 644.29998779296875 643.350006103515625 642.95001220703125 642.59999593098962123 642 641.66666666666662877 641.79998779296875 641 640.4000244140625 640.03334554036462123 639.79998779296875 639.29998779296875 638.550018310546875 638.5 638.149993896484375 638.29998779296875 638.4000244140625 638.5 637.9000244140625 637.45001220703125 636.449981689453125 636.5 636.70001220703125 636.800018310546875 636.5999755859375 636.449981689453125 635.9000244140625
651.29998779296875 652.2249908447265625 653.25 653.36665852864587123 653.9666748046875 654.33333333333337123 654.36665852864587123 653.649993896484375 652.6000213623046875 651.699981689453125 650.7749786376953125 649.850006103515625 649.25 648.524993896484375 647.949981689453125 647.23333740234375 646.63334147135412877 645.850006103515625 645.29998779296875 644.13334147135412877 643.433349609375 642.29998779296875 642.20001220703125 641.399993896484375 641.0999755859375 640.850006103515625 640.4000091552734375 639.899993896484375 639.70001220703125 639.16666666666662877 638.649993896484375 638.16666666666662877 637.79998779296875 637.5999755859375 637.5 637.9000244140625 637.949981689453125 637.850006103515625 636.95001220703125 636.20001220703125 636.20001220703125 636.36665852864587123 636.350006103515625 636.20001220703125 636.100006103515625 635.649993896484375
649 650.600006103515625 652.4000244140625 652.850006103515625 653.29998779296875 653.4000244140625 653.5999755859375 653.149993896484375 652.0999755859375 651.149993896484375 650.20001220703125 649.25 648.20001220703125 647.79998779296875 647.29998779296875 646.70001220703125 646.29998779296875 645.433349609375 644.70001220703125 644 643.050018310546875 642.20001220703125 641.433349609375 640.949981689453125 640.54998779296875 640.0999755859375 639.79998779296875 639.350006103515625 639.100006103515625 638.6500244140625 638.20001220703125 637.566650390625 637.29998779296875 636.90000406901037877 636.899993896484375 637.29998779296875 637.350006103515625 637.25 636.83333333333337123 636.79998779296875 636.100006103515625 635.899993896484375 635.9000244140625 636 635.75 635.3499755859375
646.9000244140625 648.8249969482421875 650.95001220703125 651.8499908447265625 652.45001220703125 652.6500244140625 652.79998779296875 652.53334554036462123 651.9666748046875 650.90000406901037877 649.70001220703125 648.79998779296875 647.95001220703125 647.40000406901037877 646.96665445963537877 646.449981689453125 645.86665852864587123 645 644.23335774739587123 643.5 642.5999755859375 641.70001220703125 640.9000244140625 640.79998779296875 639.96665445963537877 639.66666666666662877 639.23333740234375 638.86665852864587123 638.29998779296875 638.100006103515625 637.70001220703125 637.16664632161462123 636.9000244140625 636.350006103515625 636.100006103515625 636.5 636.79998779296875 636.5 635.949981689453125 635.79998779296875 635.600006103515625 635.649993896484375 635.649993896484375 635.5999755859375 635.300018310546875 634.79998779296875
645.54998779296875 647.70001220703125 649.79998779296875 651 651.5999755859375 651.79998779296875 652.04998779296875 651.70001220703125 651.0999755859375 650.20001220703125 649.5999755859375 649 647.6500244140625 646.9000244140625 646.4000244140625 645.899993896484375 645.25 644.66666666666662877 643.9000244140625 643.050018310546875 642.30000813802087123 641.36665852864587123 640.300018310546875 640.25 639.5 639.149993896484375 638.70001220703125 638.25 638.20001220703125 637.4666748046875 637.0999755859375 636.399993896484375 635.96665445963537877 636 635.600006103515625 635.90000406901037877 636 635.79998779296875 635.399993896484375 635.0999755859375 634.83331298828125 590 635.25 635.100006103515625 634.649993896484375 634.23333740234375
644.29998779296875 646.274993896484375 648.29998779296875 649.7750091552734375 650.600006103515625 651.06667073567712123 650.69999186197912877 650.25 649.625 649.100006103515625 648.5333251953125 648.23333740234375 647.29998779296875 646.5 645.933349609375 645.350006103515625 644.79998779296875 643.949981689453125 643.399993896484375 642.79998779296875 641.899993896484375 640.9000244140625 639.9000244140625 639.45001220703125 639.3499755859375 638.79998779296875 638.350006103515625 637.95001220703125 637.29998779296875 636.80000813802087123 636.5 636 635.399993896484375 635.20001220703125 635 635.25 635 634.9000244140625 634.5999755859375 634.50002034505212123 634.20001220703125 634.399993896484375 634.70001220703125 634.3499755859375 634.100006103515625 633.29998779296875
642.04998779296875 644.550018310546875 646.79998779296875 648.29998779296875 649.5 649.5999755859375 649.5 649.29998779296875 648.449981689453125 648.0999755859375 647.70001220703125 647.29998779296875 646.649993896484375 646 645.29998779296875 644.63334147135412877 644.149993896484375 643.5 642.9000244140625 642.20001220703125 641.5 640.79998779296875 640.04998779296875 638.899993896484375 638.5999755859375 638.0999755859375 637.79998779296875 637.5 636.90000406901037877 636.29998779296875 635.75 635.30000813802087123 634.79998779296875 634.5 634.29998779296875 634.45001220703125 634.399993896484375 634.30000813802087123 634.0999755859375 633.73333740234375 633.699981689453125 633.79998779296875 634.20001220703125 633.600006103515625 633.149993896484375 632.95001220703125
640.29998779296875 642.8249969482421875 645.29998779296875 646.9000091552734375 648.050018310546875 648.30000813802087123 648.4666748046875 647.8499755859375 647.4499969482421875 646.95001220703125 646.70001220703125 646.33333333333337123 645.54998779296875 645.20001220703125 644.6999969482421875 644.29998779296875 643.63334147135412877 642.80000813802087123 642.5 641.70001220703125 640.70001220703125 640.10001627604162877 639.16666666666662877 638.5 638.23333740234375 637.649993896484375 637.33333333333337123 636.75 636.4000244140625 635.9000091552734375 635.0999755859375 634.9000244140625 634.25 634 633.649993896484375 633.79998779296875 633.70001220703125 633.5999755859375 633.4000091552734375 633 633.050018310546875 633.5 633.20001220703125 632.899993896484375 632.29998779296875 632.54998779296875
639.399993896484375 641.699981689453125 643.79998779296875 645.5 647.0999755859375 647.29998779296875 647.5 647.100006103515625 646.5999755859375 646.149993896484375 645.79998779296875 645.449981689453125 644.9000244140625 644.5 644.050018310546875 643.649993896484375 643 642.399993896484375 641.600006103515625 641.050018310546875 640.5 639.75 638.9000244140625 638.04998779296875 590 637.399993896484375 636.800018310546875 636.4000244140625 635.90000406901037877 635.29998779296875 634.66666666666662877 634.149993896484375 633.899993896484375 633.29998779296875 633.09999593098962123 632.899993896484375 633.04998779296875 633.0999755859375 632.70001220703125 632.59999593098962123 632.600006103515625 632.800018310546875 632.43332926432287877 631.95001220703125 631.90000406901037877 631.949981689453125
638.5999755859375 640.3000030517578125 642.25 643.725006103515625 645.449981689453125 646.1250152587890625 646.600006103515625 646.29998779296875 645.8000030517578125 645.29998779296875 645 644.46665445963537877 644 643.566650390625 643.5 643.20001220703125 642.54998779296875 641.8000030517578125 641.20001220703125 640.5 639.699981689453125 639.10001627604162877 638.5 637.699981689453125 637.199981689453125 636.86665852864587123 636 636.20001220703125 635.43332926432287877 634.949981689453125 634.5 633.9000244140625 633.33333333333337123 632.75 632.649993896484375 632.5999755859375 632.5 632.54998779296875 632.399993896484375 631.9000244140625 631.899993896484375 631.9000244140625 631.850006103515625 631.79998779296875 631.70001220703125 631.29998779296875
637.5 638.95001220703125 640.70001220703125 641.949981689453125 643.5999755859375 644.8499755859375 645.5 645.4000244140625 645.20001220703125 644.600006103515625 644.149993896484375 643.70001220703125 643.3499755859375 643 642.70001220703125 642.350006103515625 641.79998779296875 641.29998779296875 640.5333251953125 640.100006103515625 639.5 638.79998779296875 638.04998779296875 637 636.5999755859375 636.399993896484375 635.79998779296875 635.5 635.050018310546875 634.29998779296875 634.20001220703125 633.5 633 632.5 632.199981689453125 632.100006103515625 632.03334554036462123 632 632 631.95001220703125 631.79998779296875 631.5 631.5999755859375 631.13334147135412877 631.06667073567712123 630.70001220703125
636 637.5 638.850006103515625 640.3249969482421875 641.850006103515625 643.3000030517578125 644.45001220703125 644.60001627604162877 644.29998779296875 643.83333333333337123 643.600006103515625 643.25 642.56667073567712123 642.25 642 641.70001220703125 641.10001627604162877 640.600006103515625 640.050018310546875 639.5 639.0333251953125 638.33333333333337123 637.600006103515625 636.80000813802087123 636.25 635.70001220703125 635.5999755859375 634.90000406901037877 634.550018310546875 634.100006103515625 633.5999755859375 632.899993896484375 632.45001220703125 632.20001220703125 631.79998779296875 631.79998779296875 631.9666748046875 632 631.79998779296875 631.5999755859375 631.25 631 630.89998372395837123 630.5999755859375 630.5 630.19999186197912877
634.350006103515625 635.8499755859375 637.29998779296875 638.649993896484375 640.20001220703125 641.600006103515625 642.9000244140625 643.70001220703125 643.5 643.0999755859375 642.9000244140625 642.5 642.100006103515625 641.5 641.39998372395837123 640.9000244140625 640.5 640 639.59999593098962123 639.0999755859375 638.5 637.79998779296875 637 636.5 635.9000244140625 635.20001220703125 635.050018310546875 634.600006103515625 634.20001220703125 633.75 633.13334147135412877 632.649993896484375 632.29998779296875 632.16666666666662877 632.20001220703125 632.25 631.70001220703125 631.5 631.16666666666662877 630.949981689453125 630.649993896484375 630.600006103515625 630.350006103515625 630.149993896484375 629.96665445963537877 629.699981689453125
633 634.32501220703125 635.850006103515625 637.0500030517578125 638.399993896484375 639.9499969482421875 641.350006103515625 642.4250030517578125 642.6500244140625 642.399993896484375 642.050018310546875 641.66668701171875 641.29998779296875 641.149993896484375 640.649993896484375 640.33331298828125 640 639.5 639.20001220703125 638.625 638.04998779296875 637.5999755859375 636.66666666666662877 636.20001220703125 635.5 634.86667887369787877 634.350006103515625 634.149993896484375 633.89998372395837123 633.5999755859375 633.100006103515625 632.649993896484375 632.5 632.300018310546875 632.20001220703125 632.300018310546875 632.0999755859375 630.850006103515625 630.79998779296875 630.5999755859375 630.149993896484375 630 629.79998779296875 629.5 629.4000244140625 629.0999755859375
