example/cornalle_dem.asc
ncols        143
nrows        86
xllcorner    2547202.000000000000
yllcorner    1149344.000000000000
cellsize     3.000000000000
NODATA_value  590
[rows 0 to 19 of 86, columns 0 to 45 of 143]
669.79998779296875 669.70001220703125 669.5999755859375 669.5999755859375 669.5 669.4000244140625 669.25 668.29998779296875 666.649993896484375 665.9000244140625 664.699981689453125 663.4000244140625 663.20001220703125 662.949981689453125 662.5 662 661.5 661 660.4000244140625 659.850006103515625 659.29998779296875 658.70001220703125 658.0999755859375 657.5 657 656.399993896484375 655.79998779296875 655.20001220703125 654.5999755859375 653.899993896484375 653.4000244140625 653.29998779296875 652.54998779296875 651.4000244140625 651.5999755859375 651.9000244140625 651.899993896484375 652.20001220703125 652.29998779296875 652.4000244140625 652.29998779296875 652.5 652.25 651.70001220703125 651.20001220703125 650.5
669.699981689453125 669.649993896484375 669.649993896484375 669.5999755859375 669.43332926432287877 669.29998779296875 669.149993896484375 668.32501220703125 666.79998779296875 665.100006103515625 663.8499755859375 662.92498779296875 662.399993896484375 662.29998779296875 661.9000091552734375 661.449981689453125 660.975006103515625 660.449981689453125 659.850006103515625 659.25 658.7249908447265625 658.100006103515625 657.4499969482421875 656.949981689453125 656.350006103515625 655.850006103515625 655.25 654.600006103515625 654.13334147135412877 653.80000813802087123 653.29998779296875 652.566650390625 651.600006103515625 650.8000030517578125 650.5 650.73333740234375 651.350006103515625 651.80000813802087123 651.95001220703125 651.73333740234375 651.79998779296875 651.566650390625 651.16664632161462123 650.8499755859375 650.50002034505212123 650.25
669.5999755859375 669.70001220703125 669.5999755859375 669.5999755859375 669.5 669.20001220703125 668.9000244140625 667.649993896484375 665.9000244140625 664.04998779296875 663 662.45001220703125 661.70001220703125 661.5999755859375 661.29998779296875 660.9000244140625 660.5 659.79998779296875 659.20001220703125 658.70001220703125 658 657.4000244140625 656.850006103515625 656.20001220703125 655.800018310546875 655.20001220703125 654.649993896484375 654.29998779296875 654.20001220703125 653.79998779296875 652 651.29998779296875 650.899993896484375 650.0999755859375 649.600006103515625 650.0999755859375 650.899993896484375 590 651.300018310546875 651.0999755859375 651.29998779296875 651 650.5 650.0999755859375 649.75 649.79998779296875
669.5 669.5333251953125 669.5999755859375 669.5999755859375 669.30000813802087123 668.3499755859375 668.40000406901037877 667.5333251953125 664.82501220703125 663.20001220703125 662.5250091552734375 661.949981689453125 661.2249908447265625 660.8499755859375 660.699981689453125 660.26666259765625 659.90000406901037877 659.26666259765625 658.76666259765625 658.0333251953125 657.56667073567712123 656.86667887369787877 656.39998372395837123 655.899993896484375 655.4000091552734375 654.850006103515625 654.649993896484375 654.433349609375 653.04998779296875 652.06667073567712123 651.5 651.024993896484375 650.649993896484375 649.79998779296875 648.95001220703125 649.23333740234375 650 650 650.300018310546875 650.350006103515625 650.5333251953125 650.3499755859375 650.149993896484375 649.63334147135412877 649.66664632161462123 650.100006103515625
667.75 669.5 669.54998779296875 669.5999755859375 668.9000244140625 667.699981689453125 667.70001220703125 665.899993896484375 664.0999755859375 662.75 662.0999755859375 661.5 660.70001220703125 660.199981689453125 660.20001220703125 659.79998779296875 659.29998779296875 658.79998779296875 658.20001220703125 657.5999755859375 657 656.4000244140625 655.899993896484375 655.4000244140625 655 654.9000244140625 654.5 652.5 652 651.5 651 650.5 650.050018310546875 649.29998779296875 648.300018310546875 648.20001220703125 648.79998779296875 649.20001220703125 649.350006103515625 649.9000244140625 650 649.5 649.5999755859375 649.550018310546875 650 650.29998779296875
666.79998779296875 668.25 669.100006103515625 669.0333251953125 668.29998779296875 667.350006103515625 666.29998779296875 664.9250030517578125 663.550018310546875 662.399993896484375 661.800018310546875 661 660.25 659.6500091552734375 659.3499755859375 659.20001220703125 658.6999969482421875 658.1500244140625 657.5749969482421875 657.050018310546875 656.5250091552734375 655.949981689453125 655.5250091552734375 655.20001220703125 654.949981689453125 654.100006103515625 652.70001220703125 652.20001220703125 651.5999755859375 651.100006103515625 650.550018310546875 650.0250091552734375 649.550018310546875 649.149993896484375 647.73333740234375 647.1500244140625 647.49997965494787877 648.050018310546875 648.4000244140625 649.19999186197912877 649.399993896484375 649.29998779296875 649.54998779296875 649.70001220703125 650.06667073567712123 650.149993896484375
665.399993896484375 667 668.0999755859375 667.550018310546875 667 665.850006103515625 664.79998779296875 663.70001220703125 662.5999755859375 661.899993896484375 661.0999755859375 660.29998779296875 659.79998779296875 659.04998779296875 658.5 658.4000244140625 658.0999755859375 657.550018310546875 657 656.449981689453125 656.20001220703125 655.600006103515625 655.4000244140625 654.79998779296875 653.9000244140625 652.949981689453125 652.4000244140625 651.8000030517578125 651.149993896484375 650.70001220703125 650.100006103515625 649.5999755859375 649.050018310546875 648.70001220703125 647.29998779296875 646.600006103515625 646.9000244140625 647.5999755859375 648.350006103515625 649.20001220703125 649.949981689453125 650 649.9000244140625 650.0999755859375 650.0999755859375 649.95001220703125
664.5 666.3499755859375 666.54998779296875 666.75 665.92498779296875 665 664.149993896484375 663.25 662.225006103515625 661.399993896484375 660.7249908447265625 659.949981689453125 659.350006103515625 658.649993896484375 658 657.75 657.33333333333337123 656.93332926432287877 656.449981689453125 656.04998779296875 655.699981689453125 655.399993896484375 655.050018310546875 654 653.199981689453125 652.63334147135412877 651.93332926432287877 651.20001220703125 650.79998779296875 650.1249847412109375 649.600006103515625 648.9749908447265625 648.5 648.0749969482421875 646.850006103515625 646.29998779296875 646.56667073567712123 647.54998779296875 647.75 648.93332926432287877 649.399993896484375 649.63334147135412877 649.70001220703125 649.5999755859375 649.29998779296875 649.06667073567712123
663.899993896484375 665.475006103515625 665.79998779296875 665.5 664.95001220703125 664.29998779296875 663.54998779296875 662.5 661.70001220703125 661 660.25 659.4000244140625 658.850006103515625 658.0999755859375 657.300018310546875 657 656.9000244140625 656.20001220703125 655.75 655.5999755859375 655.4000244140625 654.6500244140625 653.70001220703125 653.3499755859375 652.9000244140625 652.29998779296875 651.5 650.92498779296875 650.350006103515625 649.600006103515625 649 648.399993896484375 647.9000244140625 647.3499755859375 646.29998779296875 646.149993896484375 590 646.600006103515625 647 647.70001220703125 648.0999755859375 648.600006103515625 648.75 648.70001220703125 648.70001220703125 648.29998779296875
663.5 664.600006103515625 665 664.850006103515625 664.625 663.9000244140625 663.16668701171875 662.33333333333337123 661.16666666666662877 660.5333251953125 659.70001220703125 659.0250091552734375 658.350006103515625 657.75 657.04998779296875 656.399993896484375 656 655.800018310546875 655.53334554036462123 654.79998779296875 653.79998779296875 653.5 653.04998779296875 652.6999969482421875 652.5 651.63334147135412877 651.20001220703125 650.5 649.9000244140625 649.199981689453125 648.449981689453125 647.8000030517578125 647.29998779296875 646.75 645.800018310546875 645.899993896484375 646.23333740234375 646.100006103515625 646.69999186197912877 646.86665852864587123 647.399993896484375 647.86665852864587123 648 648.20001220703125 647.95001220703125 647.96665445963537877
662.8499755859375 663.875 664.29998779296875 664.20001220703125 663.79998779296875 663.29998779296875 662.600006103515625 661.79998779296875 660.79998779296875 659.9000244140625 659.25 658.5 657.79998779296875 657.20001220703125 656.350006103515625 655.79998779296875 655.5999755859375 655.29998779296875 654.4000244140625 653.70001220703125 653 652.70001220703125 652.350006103515625 651.79998779296875 651.45001220703125 651.04998779296875 650.649993896484375 649.9749908447265625 649.54998779296875 649 648.20001220703125 647.29998779296875 646.850006103515625 646.4000244140625 645.399993896484375 645.70001220703125 646.0999755859375 646.20001220703125 646 646.0999755859375 646.79998779296875 646.95001220703125 647.33333333333337123 647.6500244140625 647.4000244140625 647.350006103515625
662.20001220703125 663.100006103515625 663.600006103515625 663.54998779296875 663.324981689453125 662.800018310546875 662.149993896484375 661.20001220703125 660.39998372395837123 659.56669108072912877 658.73333740234375 658.06667073567712123 657.26666259765625 656.73333740234375 656 655.26666259765625 655 654.850006103515625 653.350006103515625 652.86665852864587123 652.33333333333337123 652.066650390625 651.75 651.19999186197912877 650.5 650.36665852864587123 649.9000244140625 649.399993896484375 649.0999755859375 648.5333251953125 648 647 646.29998779296875 645.933349609375 644.850006103515625 645.04998779296875 645.25 645.649993896484375 645.899993896484375 645.66666666666662877 645.66666666666662877 646.45001220703125 646.4000244140625 646.850006103515625 646.36665852864587123 646.100006103515625
661.75 662.5749969482421875 663.0999755859375 663 662.75 662.29998779296875 661.54998779296875 660.70001220703125 659.79998779296875 659 658.5 657.600006103515625 656.9000244140625 656.25 655.5 654.70001220703125 654.20001220703125 654.149993896484375 653.149993896484375 652.4000244140625 651.949981689453125 590 651.20001220703125 650.399993896484375 650 649.5 649.100006103515625 648.59999593098962123 648.54998779296875 648 647.20001220703125 646.29998779296875 645.850006103515625 645.0999755859375 644.550018310546875 644.5999755859375 644.5 644.949981689453125 645.29998779296875 645.4000244140625 645.29998779296875 645.066650390625 645.20001220703125 645.20001220703125 644.899993896484375 644.20001220703125
661.4000244140625 662 662.550018310546875 662.5 662.36665852864587123 661.73333740234375 661.10001627604162877 660.23333740234375 659.46665445963537877 658.63332112630212123 657.96665445963537877 657.09999593098962123 656.36667887369787877 655.46665445963537877 654.90000406901037877 654.06667073567712123 653.5333251953125 653.29998779296875 652.75 652 651.600006103515625 651.149993896484375 650.699981689453125 649.850006103515625 649.54998779296875 648.9000244140625 648.449981689453125 648 647.70001220703125 647.125 646.600006103515625 646 645.449981689453125 644.5999908447265625 644.20001220703125 644.06667073567712123 643.899993896484375 643.5999755859375 644.23333740234375 644.5 644.70001220703125 644.699981689453125 644.600006103515625 644.5333251953125 644.04998779296875 643.43332926432287877
660.899993896484375 661.5500030517578125 662.0999755859375 662 661.79998779296875 661.29998779296875 660.5999755859375 659.75 658.9000244140625 658.20001220703125 657.4000244140625 656.600006103515625 655.70001220703125 654.8499755859375 654.20001220703125 653.70001220703125 652.899993896484375 652.5999755859375 652.1500244140625 651.20001220703125 651 650.550018310546875 649.79998779296875 649.4000244140625 648.76666259765625 648.29998779296875 647.70001220703125 647.70001220703125 646.949981689453125 646.5999755859375 646.050018310546875 645.5 644.949981689453125 644 643.5999755859375 643.5 643.20001220703125 643.0999755859375 643.449981689453125 643.5 643.850006103515625 644.04998779296875 643.70001220703125 643.86667887369787877 643.5999755859375 642.850006103515625
660.29998779296875 661.050018310546875 661.449981689453125 661.5999755859375 661.425018310546875 660.95001220703125 660.2750091552734375 659.45001220703125 658.5999908447265625 657.75 657.07501220703125 656.25 655.3000030517578125 654.399993896484375 653.57501220703125 652.949981689453125 652.23333740234375 651.699981689453125 651.59999593098962123 650.43332926432287877 650.26668294270837123 649.899993896484375 649.25 648.75 648.3499755859375 647.70001220703125 647.25 646.70001220703125 646.350006103515625 646 645.4000091552734375 644.949981689453125 644.5333251953125 643.70001220703125 642.73331705729162877 642.399993896484375 642.16666666666662877 642.199981689453125 642.56667073567712123 642.8499755859375 643.25 643.399993896484375 643.29998779296875 643.3499755859375 643.39998372395837123 643
660 660.73333740234375 661.0999755859375 661.149993896484375 660.95001220703125 660.5 659.79998779296875 659 658.20001220703125 657.20001220703125 656.70001220703125 655.899993896484375 655 653.949981689453125 653.0999755859375 652.399993896484375 652 650.800018310546875 650.79998779296875 649.899993896484375 649.29998779296875 649.0999755859375 648.83333333333337123 648.20001220703125 647.8000030517578125 647.25 646.75 646.20001220703125 645.800018310546875 645.29998779296875 644.850006103515625 644.5999755859375 644.29998779296875 643.70001220703125 642.100006103515625 641.5999755859375 641.70001220703125 641.70001220703125 641.800018310546875 641.79998779296875 642.20001220703125 642 642.600006103515625 642.100006103515625 642.25 642.5
659.5999755859375 660.066650390625 660.550018310546875 660.600006103515625 660.56667073567712123 660 659.33333333333337123 658.649993896484375 657.824981689453125 656.899993896484375 656.149993896484375 655.350006103515625 654.399993896484375 653.45001220703125 652.4999847412109375 651.800018310546875 651.33333333333337123 650.16666666666662877 649.899993896484375 649.75 648.46665445963537877 648.5 647.96665445963537877 647.6500244140625 647.300018310546875 646.79998779296875 646.25 645.75 645.33333333333337123 644.70001220703125 644.33333333333337123 644.100006103515625 644 643.00002034505212123 641.949981689453125 641.25 641.29998779296875 641.149993896484375 641.23335774739587123 641.0999755859375 641.23331705729162877 641.40000406901037877 641.3499755859375 640.9000244140625 640.850006103515625 640.69999186197912877
659.149993896484375 659.73333740234375 660.0999755859375 660.20001220703125 660.0999755859375 659.75 659.0999755859375 658.25 657.4000244140625 656.399993896484375 655.5999755859375 654.8499755859375 654 653.149993896484375 652.0999755859375 651.3499755859375 650.70001220703125 649.79998779296875 649 648.70001220703125 647.899993896484375 647.5999755859375 647.25 646.9000244140625 646.625 646.20001220703125 645.75 645.0999755859375 644.550018310546875 644.0999755859375 643.9000244140625 643.70001220703125 643.75 643.20001220703125 642.0999755859375 641.0999755859375 640.9000244140625 641 640.70001220703125 640.56667073567712123 640.5999755859375 641 640.9000244140625 640.56667073567712123 590 640.0999755859375
658.5999755859375 659.09999593098962123 659.600006103515625 659.70001220703125 659.6500244140625 659.25 658.600006103515625 657.7249908447265625 656.79998779296875 655.9000091552734375 655.050018310546875 654.350006103515625 653.649993896484375 652.725006103515625 651.699981689453125 650.9666748046875 650.25 649.79998779296875 648.5 648 647.566650390625 646.899993896484375 646.649993896484375 646.5999755859375 646 645.5999755859375 645.149993896484375 644.449981689453125 643.9499969482421875 643.54998779296875 643.20001220703125 643.30000813802087123 643.25 642.96665445963537877 641.6500244140625 641.100006103515625 640.699981689453125 640.36665852864587123 640.4000244140625 640.16666666666662877 640.25 640.53334554036462123 640.149993896484375 639.850006103515625 639.350006103515625 639.10001627604162877
