example/cornalle_dem.asc
ncols        143
nrows        86
xllcorner    2547202.000000000000
yllcorner    1149344.000000000000
cellsize     3.000000000000
NODATA_value  590
[rows 60 to 79 of 86, columns 46 to 91 of 143]
620.79998779296875 620.600006103515625 620.4000244140625 620.04998779296875 619.5999755859375 619.29998779296875 619.0333251953125 618.79998779296875 618.4000244140625 618.25 618 617.649993896484375 617.5999755859375 617.5999755859375 617.5 617.399993896484375 617.30000813802087123 617.350006103515625 617.20001220703125 617.16666666666662877 617.4000244140625 617.20001220703125 617.29998779296875 617.5000152587890625 617.6500244140625 617.8499755859375 618.1500244140625 618.600006103515625 618.600006103515625 618.600006103515625 618.79998779296875 618.30000813802087123 617.79998779296875 617.70001220703125 618 618 618.25 618.49997965494787877 619.399993896484375 620.225006103515625 621.600006103515625 622.699981689453125 623.54998779296875 624.600006103515625 625.43330891927087123 625.899993896484375
620.83333333333337123 620.5999755859375 620.33333333333337123 619.86667887369787877 619.45001220703125 619.06667073567712123 618.70001220703125 618.43332926432287877 618.199981689453125 617.899993896484375 617.45001220703125 617.350006103515625 617.25 617.25 617.29998779296875 617.04998779296875 617 616.899993896484375 616.70001220703125 616.699981689453125 616.550018310546875 616.5 616.70001220703125 616.79998779296875 617 617.350006103515625 617.5 617.93332926432287877 618 618.0999755859375 618.04998779296875 617.649993896484375 617.0999755859375 617.30000813802087123 617.43332926432287877 617.5 617.449981689453125 617.5 618.5 619.5 620.70001220703125 622.20001220703125 623 623.9000244140625 624.899993896484375 625.29998779296875
620.70001220703125 620.5 620.050018310546875 619.649993896484375 619.20001220703125 618.76666259765625 618.5 618.100006103515625 617.70001220703125 617.649993896484375 617.300018310546875 617 616.850006103515625 616.79998779296875 616.949981689453125 616.75 616.63334147135412877 616.5 616.23333740234375 616.20001220703125 615.9000244140625 615.899993896484375 616.20001220703125 616.19999186197912877 616.449981689453125 616.70001220703125 617.0999755859375 617.19999186197912877 617.5 617.56667073567712123 617.4000244140625 617.149993896484375 616.76666259765625 616.5 616.54998779296875 616.75 617.06667073567712123 617.149993896484375 618.0999908447265625 619.3499755859375 620.66666666666662877 621.70001220703125 622.4000244140625 623.600006103515625 624.449981689453125 624.95001220703125
620.20001220703125 620.09999593098962123 619.70001220703125 619.29998779296875 618.9666748046875 618.5999755859375 618.199981689453125 617.75 617.70001220703125 617.19999186197912877 616.899993896484375 616.79998779296875 616.5 616.54998779296875 616.5 616.29998779296875 616.16666666666662877 616 615.75 615.5 615.449981689453125 615.5 615.5999755859375 615.70001220703125 615.70001220703125 616.0999755859375 616.449981689453125 616.70001220703125 616.949981689453125 616.70001220703125 616.86667887369787877 616.5 616.09999593098962123 616.0999755859375 616 616.100006103515625 616.4000244140625 616.79998779296875 617.449981689453125 618.5999755859375 619.9000244140625 621.09999593098962123 621.949981689453125 622.899993896484375 623.70001220703125 624.199981689453125
620 619.70001220703125 619.300018310546875 619 618.550018310546875 618.19999186197912877 617.850006103515625 617.5 617.300018310546875 617 616.600006103515625 616.70001220703125 616.23333740234375 616.149993896484375 615.949981689453125 616 615.79998779296875 615.550018310546875 615.25 615.04998779296875 615.100006103515625 615.100006103515625 615.06667073567712123 615.4000244140625 615.350006103515625 615.433349609375 615.79998779296875 616.20001220703125 616.20001220703125 616.100006103515625 616.16666666666662877 616 615.649993896484375 615.399993896484375 615.550018310546875 615.76666259765625 615.949981689453125 616.13334147135412877 616.96665445963537877 617.90000406901037877 619.29998779296875 620.449981689453125 621.29998779296875 622 622.699981689453125 623.26666259765625
619.20001220703125 619.149993896484375 618.75 618.5333251953125 618.20001220703125 617.850006103515625 617.5 617.20001220703125 616.850006103515625 616.649993896484375 616.36667887369787877 616.149993896484375 590 615.699981689453125 615.5 615.449981689453125 615.399993896484375 615.1500091552734375 614.850006103515625 614.600006103515625 614.75 590 614.649993896484375 614.70001220703125 614.79998779296875 614.9000244140625 615.29998779296875 615.29998779296875 615.4666748046875 615.5 615.70001220703125 615.33333333333337123 615.100006103515625 614.9000244140625 615.649993896484375 615.149993896484375 616.29998779296875 615.899993896484375 616.29998779296875 617.45001220703125 618.699981689453125 619.66666666666662877 620 620.5 621.0999755859375 621.899993896484375
618.70001220703125 618.45001220703125 618.399993896484375 617.9000244140625 617.800018310546875 617.53334554036462123 617.0999755859375 616.850006103515625 616.5999755859375 616.4000244140625 616 615.9000244140625 615.56667073567712123 615.29998779296875 615.199981689453125 615 614.79998779296875 614.70001220703125 614.4000244140625 614.23333740234375 614.149993896484375 614.100006103515625 614 614.0999755859375 614.29998779296875 614.399993896484375 614.5 614.79998779296875 614.5999755859375 614.79998779296875 614.79998779296875 614.79998779296875 614.5 614.33333333333337123 614 614.69999186197912877 616.20001220703125 615.86665852864587123 616.29998779296875 617.29998779296875 618.449981689453125 619.4000244140625 619.73333740234375 620.13334147135412877 620.90000406901037877 621.79998779296875
618.04998779296875 618 617.850006103515625 617.600006103515625 617.20001220703125 617.050018310546875 616.800018310546875 616.449981689453125 616.350006103515625 616.149993896484375 615.86665852864587123 615.600006103515625 615.149993896484375 614.79998779296875 614.69999186197912877 614.550018310546875 614.449981689453125 614.125 614 613.850006103515625 613.70001220703125 613.5999755859375 613.550018310546875 613.5999755859375 613.70001220703125 613.9000244140625 613.79998779296875 614.149993896484375 614.0999755859375 614.26668294270837123 614.0999755859375 614.23333740234375 614 613.5999755859375 613.73333740234375 614 614.29998779296875 615.100006103515625 616.4000244140625 617.29998779296875 618.06667073567712123 618.5999755859375 619.20001220703125 619.79998779296875 620.20001220703125 621.6999969482421875
617.4000244140625 617.449981689453125 617.20001220703125 617.20001220703125 616.90000406901037877 616.70001220703125 616.4000244140625 616.300018310546875 616.04998779296875 615.70001220703125 615.4000244140625 615.20001220703125 614.83333333333337123 614.45001220703125 614.350006103515625 614.0999755859375 613.9000244140625 613.5999755859375 613.5 613.40000406901037877 613.25 613.20001220703125 613.199981689453125 613.25 613.199981689453125 613.33333333333337123 613.399993896484375 613.5 613.45001220703125 613.29998779296875 613.699981689453125 613.5 613.550018310546875 613.76666259765625 613.5 613.75 614.20001220703125 614.5 615.399993896484375 616.9000244140625 617.66666666666662877 618 618.73333740234375 619.30000813802087123 620 621.25
616.79998779296875 616.75 616.75 616.5999755859375 616.5 616.09999593098962123 616.0999755859375 615.83333333333337123 615.649993896484375 615.399993896484375 615.09999593098962123 614.800018310546875 614.399993896484375 614.0999755859375 613.899993896484375 613.63332112630212123 613.70001220703125 613.25 613 613.100006103515625 612.79998779296875 612.83333333333337123 612.79998779296875 612.79998779296875 612.9000244140625 612.79998779296875 612.9000244140625 612.949981689453125 612.86667887369787877 612.9000244140625 612.899993896484375 612.899993896484375 612.70001220703125 613.04998779296875 613.25 613.5 613.79998779296875 614.13332112630212123 615.25 615.86665852864587123 617.20001220703125 617.5 618.100006103515625 618.79998779296875 619.933349609375 620.95001220703125
616 616.25 615.9666748046875 616 615.899993896484375 615.600006103515625 615.45001220703125 615.4000244140625 615.050018310546875 614.79998779296875 614.5999755859375 614.20001220703125 613.949981689453125 613.63332112630212123 613.29998779296875 613.20001220703125 613.050018310546875 613 612.449981689453125 612.54998779296875 612.550018310546875 612.350006103515625 612.5 612.350006103515625 612.449981689453125 612.5 612.46665445963537877 612.399993896484375 612.29998779296875 612.29998779296875 612.29998779296875 612.45001220703125 612.5999755859375 612.850006103515625 613 613.350006103515625 613.5 613.899993896484375 614.4000244140625 614.899993896484375 615.80000813802087123 617.06667073567712123 617.60001627604162877 618.56667073567712123 619.70001220703125 620.5
615.5 615.4000244140625 615.29998779296875 615.29998779296875 615.20001220703125 615.0999755859375 614.75 614.6500244140625 614.399993896484375 614.0999755859375 613.949981689453125 613.600006103515625 613.29998779296875 613.149993896484375 612.9000244140625 612.70001220703125 612.600006103515625 612.25 612.0999755859375 611.800018310546875 612 612 611.850006103515625 612.100006103515625 612 612.050018310546875 612 611.79998779296875 611.899993896484375 612 612.0999755859375 612.199981689453125 612.4000244140625 612.54998779296875 612.76666259765625 613.149993896484375 613.70001220703125 614 614.350006103515625 614.649993896484375 615.20001220703125 616.149993896484375 617 617.600006103515625 618.649993896484375 619.90000406901037877
614.79998779296875 614.75 614.6500244140625 614.600006103515625 614.45001220703125 614.46665445963537877 614 613.9000244140625 613.53334554036462123 613.5 613 612.79998779296875 612.6500244140625 612.449981689453125 612.5 612.0999755859375 611.70001220703125 611.70001220703125 611.5 611.40000406901037877 611.5 611.5 611.5999755859375 611.5 611.550018310546875 611.56667073567712123 611.5 611.5999755859375 611.70001220703125 611.86665852864587123 612 612 612.25 612.4000244140625 612.59999593098962123 613 613.399993896484375 613.93332926432287877 614.4000244140625 614.649993896484375 615 615.49997965494787877 616.36665852864587123 617.5 618.29998779296875 619.800018310546875
614 614 613.9000244140625 613.79998779296875 613.6500244140625 613.29998779296875 613.06667073567712123 613.29998779296875 612.699981689453125 612.550018310546875 612.4000244140625 612 611.70001220703125 611.79998779296875 611.550018310546875 611.54998779296875 611.0999755859375 611 610.9000244140625 611 611 611.0999755859375 611.149993896484375 611.20001220703125 611.20001220703125 611.20001220703125 611.350006103515625 611.45001220703125 611.5 611.5999755859375 611.699981689453125 611.70001220703125 611.75 611.70001220703125 612 612.25 612.649993896484375 613.76668294270837123 614.5 614.79998779296875 615 615.29998779296875 615.70001220703125 616.93332926432287877 618.26666259765625 619.70001220703125
613.54998779296875 613.350006103515625 613.23333740234375 613.149993896484375 612.9666748046875 612.79998779296875 612.70001220703125 612.566650390625 612.4000244140625 612.300018310546875 612.100006103515625 611.899993896484375 611.70001220703125 611.5 611.5 611.26666259765625 611.0999755859375 611 610.79998779296875 610.75 610.699981689453125 610.699981689453125 610.79998779296875 611 611.04998779296875 611.100006103515625 611.20001220703125 611.20001220703125 611.300018310546875 611.5 611.199981689453125 610.75 611.0999755859375 610.5 611.25 611.699981689453125 612.25 612.70001220703125 614 614.800018310546875 615.29998779296875 615.649993896484375 615.949981689453125 616.29998779296875 618 619.70001220703125
613.649993896484375 613.5 613.399993896484375 613.29998779296875 613.149993896484375 613.050018310546875 612.95001220703125 612.79998779296875 612.600006103515625 612.5999755859375 612.300018310546875 612.29998779296875 611.9499969482421875 611.75 611.54998779296875 611.4000244140625 611.16664632161462123 610.79998779296875 610.800018310546875 610.5 610.5999755859375 610.70001220703125 610.79998779296875 610.79998779296875 610.9000244140625 610.9000244140625 611 611.100006103515625 610.79998779296875 610.36667887369787877 610.79998779296875 609.93332926432287877 610 610 610.350006103515625 611.20001220703125 611.5999755859375 612 612.79998779296875 614.5 615.4000244140625 615.79998779296875 616.149993896484375 616.4666748046875 617.54998779296875 619.449981689453125
613.23333740234375 613.0999755859375 612.899993896484375 612.95001220703125 613 613 612.75 612.600006103515625 612.5999755859375 612.30000813802087123 612.04998779296875 612.0999755859375 611.649993896484375 611.20001220703125 611.100006103515625 611.100006103515625 610.75 610.5 610.399993896484375 610.350006103515625 610.5 610.54998779296875 610.5999755859375 610.70001220703125 610.699981689453125 610.79998779296875 610.800018310546875 610.649993896484375 610.0999755859375 610.20001220703125 610.399993896484375 610.0999755859375 609.9000244140625 609.95001220703125 610.20001220703125 610.5 611.0250091552734375 611.4000244140625 612.23333740234375 613.6500244140625 614.949981689453125 616.0999755859375 616.29998779296875 616.699981689453125 616.79998779296875 618.56667073567712123
611.75 611.79998779296875 611.70001220703125 611.79998779296875 612.04998779296875 612 611.79998779296875 611.899993896484375 611.5 611.5999755859375 611.29998779296875 611.20001220703125 610.875 610.79998779296875 610.399993896484375 610.25 610.0999755859375 610.20001220703125 610.4000244140625 610.4000244140625 610.5 610.5 610.54998779296875 610.54998779296875 610.4000244140625 610.399993896484375 610.4666748046875 610.5 609.9000244140625 610.04998779296875 610.199981689453125 609.899993896484375 609.9000244140625 609.9000244140625 609.850006103515625 610.29998779296875 610.29998779296875 610.66666666666662877 611.600006103515625 612.5999755859375 614.20001220703125 615.899993896484375 616.5 616.93332926432287877 617.20001220703125 618.04998779296875
610.399993896484375 609.9000244140625 610.79998779296875 610.70001220703125 610.850006103515625 610.649993896484375 610.54998779296875 610.79998779296875 610.449981689453125 610.56667073567712123 610.149993896484375 610.0999755859375 609.9000244140625 609.9666748046875 609.95001220703125 610.0999755859375 610.20001220703125 610.29998779296875 610.4000244140625 610.45001220703125 610.5 610.54998779296875 610.5999755859375 610.30000813802087123 610.199981689453125 610 610.100006103515625 610 609.9000244140625 609.9000244140625 609.9000244140625 610 609.9000244140625 609.9000244140625 609.850006103515625 610.0999755859375 610.25 610.29998779296875 610.899993896484375 611.9250030517578125 613.5 614.63332112630212123 616.5999755859375 617.0999755859375 617.50002034505212123 617.5999755859375
609.25 609.29998779296875 609.399993896484375 609.5 609.63334147135412877 609.29998779296875 609.350006103515625 609.75 609.70001220703125 609.4000244140625 609.5999755859375 609.63332112630212123 609.79998779296875 610 610.06667073567712123 610.149993896484375 610.25 610.350006103515625 610.350006103515625 610.29998779296875 610.29998779296875 610.25 610.20001220703125 610 609.95001220703125 609.75 609.699981689453125 609.649993896484375 609.79998779296875 610 610 609.850006103515625 609.79998779296875 609.83333333333337123 609.79998779296875 609.95001220703125 609.949981689453125 610.0999755859375 610.399993896484375 611.4000244140625 612.45001220703125 614.29998779296875 615.69999186197912877 617.04998779296875 617.5999755859375 617.9666748046875
