example/simano_dem.asc
ncols        98
nrows        87
xllcorner    714824
yllcorner    146286
cellsize     50
NODATA_value	-999
[rows 38 to 75 of 87, columns 0 to 84 of 98]
639 645 634 632 622 623 611 611 609 607 609 621 635 643 649 658 672 680 685 688 698 713 730 732 742 750 763 770 785 808 825 839 855 857 882 925 939 966 995 1012 1021 1035 1080 1118 1200 1233 1219 1274 1283 1363 1388 1453 1472 1535 1559 1665 1696 1759 1838 1874 1863 1912 1936 1941 1968 2030 2067.5 2103 2121 2164 2157 2129 2106 2105 2087 2102 2114 2145 2178 2214 2211 2113.5499999999997272 2050.7999999999997272 -999 -999
632 627 628 621.5 610 612 610 608 608 605 611 632 640 644 650 656 664 676 683 691 707 715 722 733 741 749 764 782 794 810 825 838 854 876 914 944 956.5 975 1023 1043 1052 1063 1055 1107 1231 1266 1304 1282 1324 1387 1412 1415 1499 1501 1596 1638 1692 1732 1807 1895 1920 1923 1948 1960 1981 2051 2096 2116 2140 2188 2191 2162 2134 2151 2117 2128 2150 2185 2206 2243 2167.9249999999997272 2111 -999 -999 -999
625 618 611 611 609 608 605 604 605 603 608 625 641 646 651 663 669 678 683 691 699 715 721 730 746 759 765 775 792 806 824 842 871 883 888 953 974 981 1034 1059 1078 1091 1118 1166 1249 1283 1338 1350 1349 1427 1453 1499 1526 1569 1581 1658 1722 1815 1890 1895 1932.5 1948 1960 1981 2017 2058 2106 2132 2156 2170 2227 2202 2199 2169 2155 2177 2182 2211 2237 2267 2152.4000000000000909 2089 -999 -999 -999
616 615.5 612 609 605 603 606 599 602 606 610 623 642 647.5 652 667 672.5 678 683 693 705 715 727 730.5 741 755 763.5 775 796 812 828 844 859 890 909 927 949 975 1010 1091 1100 1153 1117 1129 1250 1306 1368 1389 1388 1419 1505 1569 1561 1595 1650 1701 1787 1803 1852 1913 1945 1990 1981 2011 2052 2109 2125 2151 2168 2185 2261 2230 2228 2202 2194 2221 2201 2225 2265 2206.7750000000000909 2146.142857142856883 -999 -999 -999 -999
614 613 608 607 601 600 598 598 599 603 616.5 629 642 649 656 667 676 684 688 702 709 713 721 731 738 747 762 769 785 797 832 863 881 899 928 951 948 976 1012 1104 1140 1152 1147 1163.5 1217 1318 1381 1424 1460 1499 1532 1585 1596 1625.5 1671 1729 1821 1854 1869.5 1898 1918 1976 2006 2022 2074 2086 2138 2171 2179 2193 2228 2261 2260 2233 2233 2253 2231 2253 2285 2191.25 2127.2000000000002728 -999 -999 -999 -999
612.5 610 606 605.5 603 598 595 597 600 614 623 636 643 650 662 668.5 673 685 689 705 713 722 723 733 740.5 745 760 774.5 776 841 868 938 914 946 929 967 981 1012.5 1045 1063 1097 1136 1167 1198 1232 1270 1351 1402 1470 1529 1579 1583.5 1649 1656 1730 1753 1847 1886 1887 1916 1947 1980 2024 2051 2086 2148 2158 2187 2201 2206 2251 2292 2274 2279 2262 2280 2281 2276 2245.625 2181.2857142857146755 -999 -999 -999 -999 -999
611 606 603 604 596 593 595.5 598 605 613.5 624 635 642.5 649 656 670 677 691 698 708 712 730 732 741 743 751 762 780 817 884 917 946 945 972 995 983 1008 1049 1132 1172 1143 1177 1185 1214 1254 1298 1375 1471 1482 1491 1511 1582 1651 1684 1727 1790 1865 1921 1956 1954 1975 2014 2047 2044 2098 2146 2183 2201 2219 2222 2257 2336 2336 2309 2318 2307 2313 2300 2230.0999999999999091 2165.4000000000000909 -999 -999 -999 -999 -999
607 603 602 599 593 591 596 597.5 599 613 626 638 642 650 657 673 685 692.5 701 709 715 733 741 752 754 766 761 799 828 862 923 949 971 1002 1041 1024 1039 1080 1128 1207 1229 1242 1220 1251 1260 1338 1415 1502 1494 1517 1549.5 1591 1616 1647 1696 1765 1811 1905 1945 1973 2002 2010 2075 2067 2102 2166 2193 2215 2237 2238 2294 2346 2372 2341 2351 2364 2346 2284.4749999999994543 2216.4285714285711038 -999 -999 -999 -999 -999 -999
605 599 601 597 592 590 595 597 599 620 624 632 644 650 659 670 676 694 700 715 726 733 744 753 762 785 814 805 841 868 921 966 983 1008 1063 1057 1063 1092 1113 1195 1271 1267 1266 1290 1297 1334 1384 1471 1559 1556 1588 1620 1642 1660 1695 1725 1772 1848 1911 1931 1986 2042 2102 2092 2173 2186 2225 2229 2253 2261 2311 2352 2400 2407 2389 2395 2370 2268.9499999999998181 2203.5999999999999091 -999 -999 -999 -999 -999 -999
603 600 596 590 591 587 594 596 600 618 622 630 644 655 661 668 677 693 701 708 716 729 741 760 784 784 795 836 859 897 922 970 993 1017 1072 1090 1100 1118 1123 1251 1292 1306 1317 1324 1328 1351 1416 1474 1543 1600 1611 1678 1710 1707 1734 1718 1811 1851 1911 1954 1999 2062 2066 2122 2202 2205 2238 2247 2276 2301 2310 2341 2403 2443 2420 2426 2323.3249999999998181 2253.4250000000001819 -999 -999 -999 -999 -999 -999 -999
601 597 594 588 587 590 593 596 605 616 623 639 642.5 647 662 677 681 692 698.5 707 724 737 751 783 808 783 812 843 879 877 948 979 994 1016 1074 1093 1146 1150 1150 1203 1254 1274 1316 1356 1397 1363 1387 1522 1503 1560 1636 1706 1739 1740 1771 1800 1837 1880 1945 1995 2038 2062 2107 2148 2184 2224 2253 2270 2286 2310 2327 2367 2400 2474 2448 2433 2307.8000000000001819 2241.7999999999997272 -999 -999 -999 -999 -999 -999 -999
598 595 594 586 586 588 593 596 601 614 623 631 641 646 656 668 675 683 696 698 736 745 774 800 822 802 823 844 897 924 946 1001 1011 1041 1076 1097 1126 1169 1209 1211 1274 1319 1333 1414 1432 1444 1466 1525 1551 1576 1653 1716 1743 1803 1808 1838 1825 1898 1949 1983 2077 2115 2148 2187 2211 2243 2273 2286 2286 2315 2372 2382 2420 2446 2475 2377.75 2292.2749999999996362 -999 -999 -999 -999 -999 -999 -999 -999
598 592 592 585 585 586 592 596.5 601 614 622 632 635 652 654.5 671 678 684.5 690 700 705 753 765 796 824 828 833 840 885 897 937 969 1020 1067 1100 1114 1151 1203 1223 1279 1309 1359 1378 1395 1423 1515 1539 1600 1593 1614 1679 1686 1744 1774 1849 1894 1896 1930 1972 2021 2088 2148 2227 2230 2251 2274 2271 2319 2304 2335 2395 2409 2445 2451 2496 2346.6500000000005457 2280 -999 -999 -999 -999 -999 -999 -999 -999
596 595 589 585 583 588 591.5 597 600 605 618 625 637 646 653 670 675 686 702 721 738 734 754 782 790 807 864 883 905 939 918 936 1024 1092 1135 1169 1178 1230 1259 1271 1350 1353 1397 1429 1509 1544 1582 1623 1656 1651 1691.5 1707 1745 1786 1874 1885.5 1921 1923 2001 2056 2131 2159 2200 2301 2286 2305 2296 2334.5 2342 2382 2423 2449 2474 2482 2470.5 2331.125 -999 -999 -999 -999 -999 -999 -999 -999 -999
595 592 586 584 581 584 591 594 596 604 617 628 635 644 662 668.5 678 692 712 716 733 758 788 772 798 829 843 864 920 948 982 974 988 1054 1108 1144 1205 1237 1276 1331 1375 1393 1423 1448 1490 1577 1582 1645 1680 1712 1704 1735 1764 1788 1848 1877 1932 1987 2038 2074 2134 2187 2218 2289 2320 2351 2329 2350 2377 2415 2481 2471 2491 2505 2385.5 2318.2000000000002728 -999 -999 -999 -999 -999 -999 -999 -999 -999
594 590 585.5 583 579 584 588 591 598 603 608 622 633 640 650 667 679 704 717 729 743 785 800 831 835 861 857 886 927 961 1004 1024 1071 1035 1086 1137 1177 1232 1297 1305 1355 1396 1448 1475 1522 1599 1635 1674 1714 1749 1740 1798 1784 1811 1859 1887 1929 2012 2028 2083 2177 2202 2259 2303 2354 2373 2393 2380 2399 2435 2473 2506 2507 2533.5 2369.9749999999999091 -999 -999 -999 -999 -999 -999 -999 -999 -999 -999
592 589 585 580 578.5 579 583 589 593 598 613 615 630 636.5 645 676 701 701 717 731 750 759 779 805 852 861 874 944 999 999 1024 1035 1115 1109 1138 1108 1210 1243 1280 1353 1379 1416 1455 1481 1526 1571 1638 1701 1702 1762 1783 1812 1829 1838 1877 1919 1964 1978 2054 2098 2126 2198 2264 2278 2358 2400 2410 2408 2439 2463 2487 2518 2509 2470.6666666666669698 2356.4000000000005457 -999 -999 -999 -999 -999 -999 -999 -999 -999 -999
590 584 581 578 578 577 576 583 588 596 606 608 623 633 652 691 703 711 727 755 777 778 802 828 861 890 910 920 980 1031 1052 1041 1115 1144 1177 1139 1180 1256 1292 1321 1353 1407 1492 1523 1555 1598 1655 1672 1764 1795 1797 1837.5 1873 1871 1909 1910 2000 2037 2051 2134 2194 2230 2266 2345 2383 2417 2422 2436 2463 2485 2505 2536 2535 2408.8249999999998181 -999 -999 -999 -999 -999 -999 -999 -999 -999 -999 -999
588 585 581 579 576 575 580 579 583 592 597 613 622 640 657 691 702 714 726 761 773 790 825 848 858 917 941 970 979 997 1047 1082 1100 1129 1215 1194 1166 1235 1302 1332 1340 1439 1488 1541 1579 1613 1672 1732 1741 1824 1830 1863 1901 1921 1943 1927 1975 2002 2075 2152 2199 2234 2301 2348 2375 2409 2434 2453 2482 2502 2529 2571 2571 2394.5999999999994543 -999 -999 -999 -999 -999 -999 -999 -999 -999 -999 -999
585 582 581 580 574 573.5 572 577 579 589.5 593 606 621 635 654 672 690 707 716 738 769 784 836 850.5 869 909 946 985 995 1002.5 1010 1095 1105 1157 1200 1224 1203.5 1242 1271 1306 1355 1441 1521 1559 1603 1640 1690 1752 1770 1864 1891 1885 1933 1955 1972 2008 1993 2029.5 2062 2111 2171 2222 2280 2356 2389 2411 2435 2468 2488 2528 2560 2580 2470.8333333333330302 -999 -999 -999 -999 -999 -999 -999 -999 -999 -999 -999 -999
583 579 579 577 573 572 571 576 576 587 589 604 620 643 662 670 685 704 728 746 767 791 837 853 875 913 940 992 1022 1035.5 1049 1125 1121 1154 1206 1249 1241 1254 1294 1288 1332 1390 1475 1531 1607 1635 1700 1729 1781 1803 1859 1849 1913 1916 1948 2017 2034 2057 2084 2122 2159 2213 2252 2314 2383 2404 2415 2463 2490 2520 2536 2514 2432.7999999999997272 -999 -999 -999 -999 -999 -999 -999 -999 -999 -999 -999 -999
580 578 577 573 571 571 568 574 573 582 586.5 594 620 641 661 676 688 711 722 728 768 792 837 861 901 930 972 1009 1044 1061 1087 1109 1137 1173 1187 1222 1248 1277 1322 1356 1388 1419 1454 1523 1550 1609 1633 1711 1747 1765 1815 1836 1872 1881 1948 1982 2049 2096 2117 2157 2197 2247 2280 2302 2336 2377 2400 2436 2461 2526 2504 2492.5 -999 -999 -999 -999 -999 -999 -999 -999 -999 -999 -999 -999 -999
578 576 574 572 571 570 567.5 571 571 578 584 593 611 648 669 676 701 723 720 736 771 818 836.5 865 887 927 960 1008 1026 1053 1108 1134 1152 1154 1198 1218 1267 1316 1293 1347 1390.5 1424 1482 1521 1574 1590 1616 1662 1698 1749 1789 1816 1860 1890 1906 1924 1978 2068 2128 2160 2173 2206 2249 2295 2300 2350 2378 2431 2460 2501 2461 2471 -999 -999 -999 -999 -999 -999 -999 -999 -999 -999 -999 -999 -999
575 574 571 570 569 567 567 568 572 575 579 593 635 658 667 683 699 722 732 745 781 794 836 864 906 939 970 990 1030 1062 1100 1133 1152 1175 1209 1250 1307 1327 1347 1362 1393 1418 1475 1507 1597 1635 1628 1658 1708 1736 1767 1785 1848 1861 1931 1946 1979 2023 2041 2060 2099 2176 2231 2235 2296 2353 2386 2409 2490 2468 2474 -999 -999 -999 -999 -999 -999 -999 -999 -999 -999 -999 -999 -999 -999
572 572 571 568 570 567 566 565 569 569 574 594 615 634 651 662 698 702 726 758 781.5 796 815 861 886 918 962 982 1037 1065 1082 1125 1174 1180.5 1212 1259 1303 1333 1366 1394 1414 1447 1437 1529 1605 1657 1690 1691 1746 1747 1774 1806 1841 1891 1922 1963 1981 2011 2078 2102 2103 2152 2202 2239 2270 2333 2418 2429.5 2472 2477 2457.4705882352936896 -999 -999 -999 -999 -999 -999 -999 -999 -999 -999 -999 -999 -999 -999
571 571 569 567 567 567 564 564 565 569 582 596 610 620 651 662.5 676 695 727 742 782 809 844 875 888 916 962 1004 1022 1071 1083 1130 1161 1186 1238 1261 1315 1334 1356 1412 1444 1478 1502 1541 1564 1624 1695 1722 1750 1773 1812 1846 1875 1915 1994 2032 2058 2059 2113 2148 2134 2184 2171 2242 2266 2334 2399 2450 2483 2465.8000000000001819 -999 -999 -999 -999 -999 -999 -999 -999 -999 -999 -999 -999 -999 -999 -999
574 569 568.5 567 565 565 563 563 563 562 571 578 606 623 655 663 685 710 749 766 795 804 836 872 900 921 978 1010 1037 1077 1108 1149 1169 1183 1234 1273 1296 1335 1380 1414 1440 1503 1530 1578 1609 1624 1656 1701 1781 1817 1833 1872 1903 1937 1981 2028 2093 2081 2157 2178 2170 2231 2217 2274 2313 2328 2380 2420 2470 2443.9411764705882888 -999 -999 -999 -999 -999 -999 -999 -999 -999 -999 -999 -999 -999 -999 -999
575.5 571 568 565 563 562 562 562 560 561 570 586 605 642 658 673 677 690 728 734 755 803 829 852 894 923 955 1012.5 1036 1073 1096 1128 1171.5 1193 1222 1270 1293 1340 1395 1437 1462 1500 1559 1582 1611 1650 1688 1735 1796 1825 1865 1893 1907 1964 2014 2056 2131 2155 2185 2211 2245 2281 2261 2279 2312 2393 2408 2449 2456.4000000000000909 -999 -999 -999 -999 -999 -999 -999 -999 -999 -999 -999 -999 -999 -999 -999 -999
577 569 568 564 563 561 560 560 561 562 569 582 604 622 644 663 671.5 680 693 741 757 799 825 845 873 929 955 1015 1028 1085 1108 1137 1174 1204 1240 1267 1286 1339 1367 1417 1496 1530 1560 1590 1652 1665 1716 1749 1787 1820 1830 1873 1971 1976 2029 2085 2158 2191 2210 2251 2288 2315 2292 2343 2355 2410 2448 2448 2430.4117647058824332 -999 -999 -999 -999 -999 -999 -999 -999 -999 -999 -999 -999 -999 -999 -999 -999
577 569 570 566 562 561 558 560 557 558 571 579 600 622 638 648 666 673 712 740 745.5 782 824 852 902 924 959 951 1025 1049 1079 1119 1151 1195 1218 1259 1276 1325 1359 1416 1474 1527 1543 1594 1625 1678 1727 1767 1815 1815 1858 1914 1987 2028 2060 2113 2185 2233 2228 2316 2360 2334 2363 2366 2399 2412 2448.5 2447 -999 -999 -999 -999 -999 -999 -999 -999 -999 -999 -999 -999 -999 -999 -999 -999 -999
579 573 571 567 565 561 556 557 557 556 570 579 593 618 615 645 660 677 690 712 734 785 825 842 859 886 928 980 1044 1078 1100 1140 1183 1200.5 1222 1265 1300 1332 1355 1413 1472 1508 1530 1559 1626 1697 1715 1798 1831 1866 1921 1935 2006 2039 2127 2174 2230 2298 2294 2329 2351 2377 2354 2422 2441 2481 2449 2416.8823529411761228 -999 -999 -999 -999 -999 -999 -999 -999 -999 -999 -999 -999 -999 -999 -999 -999 -999
580 575 572 565 560 559 555 556 557 556 555 583 594 606 617 628 656 674 698 721 749 781 802 822 890 924 956 980 1039 1074 1095 1142 1162 1206 1249 1278 1294 1361 1379 1412 1452 1479 1573 1636 1673 1704 1762 1784 1814 1903 1944 1950 2039 2064 2099 2198 2211 2294 2328 2363 2379 2394 2420 2417 2456 2489 2464 -999 -999 -999 -999 -999 -999 -999 -999 -999 -999 -999 -999 -999 -999 -999 -999 -999 -999
579 572 569 565 558 557 553 554 556 555 560 583 594 604 612 633.5 643 678 706 735 759 803 810 842 874 901 947 971 1035 1070 1115 1136 1158 1208 1231 1311 1342 1360 1394 1450 1489 1499 1556 1655 1671 1738 1775 1805 1840 1880 1963 2013 2069 2102 2124 2163 2232 2300 2349 2402 2431 2441 2448 2483 2491 2481 2403.3529411764702672 -999 -999 -999 -999 -999 -999 -999 -999 -999 -999 -999 -999 -999 -999 -999 -999 -999 -999
575 571.5 570 565 557 555 552 552 552 553 556 577 594 604 622 639 652 688 707 738 785 809 831 872 896 926 928 959.5 1003 1062 1108 1130 1181 1211 1237 1290 1346.5 1367 1425 1457 1493 1557 1570 1629 1708 1737 1814 1827 1866 1901 1998 2040 2089 2143 2129 2201 2204 2268 2380 2414 2452 2485 2486 2511 2491 2450.7272727272729753 -999 -999 -999 -999 -999 -999 -999 -999 -999 -999 -999 -999 -999 -999 -999 -999 -999 -999 -999
572 571 567 565 555 554 552 550 549 551 558 570 585 595 618 635 649 685 711 740 764 810 833 855 902 896 925 948 999 1050 1100 1127 1176 1205 1268 1293 1351 1379 1405 1465 1523 1556 1608 1630 1693 1789 1802.5 1840 1884 1929 1979 2055 2083 2163 2208 2235 2243 2294 2357 2452 2481 2510 2513 2528 2499 2389.8235294117644116 -999 -999 -999 -999 -999 -999 -999 -999 -999 -999 -999 -999 -999 -999 -999 -999 -999 -999 -999
574 570 569 563 558 552 551 550 548 551 554 557 578 590 601 627 642 685 714 741 757 802 822 838 867 908 912 948 1017 1035 1095 1124 1176 1201 1233 1291 1343 1378 1410 1438 1494 1589 1612.5 1642 1699 1730 1791 1854 1876 1957 1988 2040 2127 2189 2233 2283 2309 2347 2419 2477 2484 2557 2537 2516.5 2437.4545454545454959 -999 -999 -999 -999 -999 -999 -999 -999 -999 -999 -999 -999 -999 -999 -999 -999 -999 -999 -999 -999
578 574 572 567 555 550 548.5 550 547 549 550 550 568 583 598 615 638 658 692 719 730 770 772 816 842 870 934 981 1006 1062 1102.5 1124 1170 1187 1223 1284 1318 1348 1377 1431 1454 1565 1617 1676 1702 1772 1826 1858 1916 1932 2017 2063 2097 2156 2237 2313 2350 2386 2464 2515 2553 2564 2534 2487.5 2376.294117647058556 -999 -999 -999 -999 -999 -999 -999 -999 -999 -999 -999 -999 -999 -999 -999 -999 -999 -999 -999 -999
583 578 576 571 560 552 546 548 546.5 547 548 549 562 576 595 616 627 651 658 676 716 745 754 808 846 876 924 983 1036 1064 1110 1137 1179 1204 1207 1259 1290 1350 1407 1440 1497 1571 1626 1684 1736 1773 1829 1885 1950 1991 2047 2079 2116 2176 2242 2307 2371 2465 2513 2554 2567 2544 2554 2424.1818181818180165 -999 -999 -999 -999 -999 -999 -999 -999 -999 -999 -999 -999 -999 -999 -999 -999 -999 -999 -999 -999 -999
