example/simano_dem.asc
ncols        98
nrows        87
xllcorner    714824
yllcorner    146286
cellsize     50
NODATA_value	-999
[rows 0 to 37 of 87, columns 0 to 84 of 98]
1122.0 1103 1081 1066 1047 1027 1008 976 952 928 902 865 840 811 784 734 710 705 705 707 714 751 754 757 760 763 765 767 770 777 829 812 870 876 896 927 947 958 978 1018 998 975 940 943 971 998 1013 1035 -999 -999 -999 -999 -999 -999 -999 -999 -999 -999 -999 -999 -999 -999 -999 -999 -999 -999 -999 -999 -999 -999 -999 -999 -999 -999 -999 -999 -999 -999 -999 -999 -999 -999 -999 -999 -999
1116 1102 1082 1064 1049 1032 988 971 960 923 897 873 850 825 799 772 746 707 704 707 733 754 756 761 765 768 771 773 776 778.5 793 816 844 872 903 943 968 990 1010 1023 1000 952 928 949 999 1032 1050 1067 1042 1053 1047 1045 1060 1066 1088 1110 1156 1173 1183 1197 1199 1200 1211 1220 1237 1253 -999 -999 -999 -999 -999 -999 -999 -999 -999 -999 -999 -999 -999 -999 -999 -999 -999 -999 -999
1110 1083 1065 1045 1029 1014 993 966 943 904 878 859 838 809 786 764 729 716 704 704 711 744 755 763 764 769 772 776 779 780 786 836 861 886 915 955 982 1009 998 1003 975 952 923 933 966 1020 1082 1097 1110 1115 1116 1084.5 1102 1121 1106 1114 1140 1157 1168 1179 1184 1187 1195 1201 1207 1224 1240 1274 1286 1273 1279 1293 1300 -999 -999 -999 -999 -999 -999 -999 -999 -999 -999 -999 -999
1090 1067 1048 1029 1011 993 971 952 928 925 885 858 839 824 806 785 768 725 704 703 720 752 759 764 768 773 778 782 787 783 785 802 823 872 924 940 965 986 979 978 952 904 917 927 996 1046 1087 1117 1129 1139 1135 1124 1128 1133 1120 1132 1140 1148 1160 1168 1177 1182 1181 1188 1188 1205 1213 1227 1256 1243 1253 1270 1280 1293 1330 1338 1345 1346 1356 1367 -999 -999 -999 -999 -999
1078 1074 1049 1030 1011 992 971 951 925 880 865 845 827 815 798 783 772 750 721 704 704 730 756 764 764 774 778 781 787 793 792 800 837 876 902 925 936 960 954 971 946 901 910 950 969 1056 1103 1180 1192 1173 1179 1179 1152 1151 1134 1143 1127 1134 1141 1149 1156 1162 1169 1179 1185 1193 1200 1210 1228 1240 1253 1260 1270 1286 1306 1319 1324 1329 1342 1354 1359 1383 1399 1394 1406
1058 1038 1033 1013 996 973 955 928 900 880 865 853 833 824 808 795 781 765 742 703 705 738 755 761 770 775 783 788 795 800 798 801 807 882 900 920 913 937 932 907 888 895 894 940 976 1023 1130 1166 1214 1207 1209 1210 1209 1182 1162 1165.5 1169 1172 1155 1161 1164 1175 1181 1176 1185 1191 1201 1208 1215 1226 1236 1244 1259 1276 1278 1293 1317 1329 1339 1346 1349 1366 1374 1395 1426
1051.5 1042 1014 993 994 955 932 908 889 874 857 847 829 819 804 789 768 743 725 706 705 708 716 728 752 751 780 781 791 798 804 811 820 852 886 897 888 911 899 891 880 889 923 965 1004 1052 1121 1156 1242 1264 1276 1240 1246 1216 1219 1188 1195 1198 1203 1203 1216 1195 1193 1209 1210 1192 1199 1206 1214 1225 1232 1251 1251.5 1266 1278 1291 1316 1327 1333 1340 1337 1337 1359 1389 1417
1045 1021 1001 981 957 954 936 913 895 885 869 850 832 825 813 791 771 720 703 701 704 708 714 721 727 735 756 766 775 784 800 809 820 834 865 871 868.5 881 877.5 885 866 888 945 974 1014 1069 1181 1234 1274 1297 1301 1309 1281 1254 1251 1250 1221 1227 1225 1238 1238 1240 1231 1236 1238 1213 1211 1209 1218 1221 1229 1237 1244 1256 1263 1273 1284 1313 1320 1322 1325 1334 1346 1399 1425
1030 1001 983 977.5 965 945 920 903 894 880 859 841 815 795 796 769 751 726 700 692 701 728 732 734 733 735.5 738 752 764 777 786 797 803 823 815 850 849 854 856 878 893 924 985 1004 1048 1104 1160 1224 1305 1341 1321 1332 1309 1306 1298 1274 1276 1276 1283 1261 1260 1274 1280 1255 1263 1233 1225 1227 1222 1226 1232 1244 1247.5 1251 1259 1269 1277 1288 1298 1309 1322 1328 1348 1373 1402
1018 1013 993 974 951 928 915 909 898 886 864 837 818 798 778 751 705 702 691 694 707 741 749 757 759 736 744 747 755 769 773 786 802 830 821 819 830 828 839 910 913.5 946 981 1029 1082 1144 1235 1292 1340 1368 1355 1353 1333 1327 1327 1315 1296 1307 1307 1305 1294 1298 1299 1271 1278 1279 1250 1253 1246 1240 1242 1252 1251 1259 1270 1279 1287 1295 1296 1307 1317 1327 1337 1345 1351
1008 998 981 962 944 925 907 898 880 867 842 821 800 780 765 735 706 688 685 687 693 751 757 763 769 776 783 759 768 770 778 787 799 812 827 835 834 852 885 904 934 976 993 1022 1052 1167 1191 1270 1326 1389 1377 1375 1377 1355 1355 1356 1357 1357 1331 1339 1343 1325 1321 1291 1297 1299 1299 1276 1270 1277 1255 1271 1257 1269 1273 1287 1299 1310 1317 1314 1324 1333 1343 1358 1370
1004 992 979 950 939.5 930 909 884 863 843 833 823 784 764 745 714 690 681 690.5 692 722 748 753 758 765 772 780 787 795 795 802 802 809 814 825.5 827 838 858 905 925 941 975 1002 1021 1090 1162 1212 1264 1332 1403 1394 1391 1403 1387.5 1402 1382 1406 1384 1394 1367 1368 1371 1342 1342 1345 1319 1325 1319 1310 1312 1319 1289 1296 1318 1322 1292 1311 1314 1325 1322 1334 1347 1359 1374 1380
996 975 966.5 957 935 917 885 867 844 826 824 804 782 765 745 724 694 680 696 731 751 756 761 762 771 776 783 791 801 826 849 830 820 816 824 841 849 853 885 921 937 963 1032 1082 1115 1152 1186 1233 1337 1373 1423 1434 1439 1420 1426 1433 1435 1414 1419 1392 1388 1396 1372 1373 1373 1355 1368 1365 1373 1343 1346 1318 1327 1342 1350 1329 1334 1334 1355 1356 1351 1354 1360 1373 1390
981 973 954 935 923 901 879 861.5 842 825 804 782 764 747 727 701 677 684 722 767 759 774 766 767 773 781 783.5 787 797 822 832 839 843 838 839 839 842.5 842 858 900 924 964 1014 1056 1091 1134 1167 1247 1312 1366 1440 1455 1458 1444 1453 1459 1461 1440 1445 1445 1412 1413 1422 1402 1417 1391 1385 1395 1391 1365 1376 1378 1383 1360 1369 1371 1356 1347 1382 1376 1401 1415 1392 1392 1425
966 948 934 922 905 891.5 865 856 833 816 790 772 752 726 704 686 671 670 707 755 776 779 780 778 774 779 784 793 810 820 827 825.5 826 829 832.5 834 836 848 866 902 929 963 1000 1033 1103 1149 1172 1232 1257 1330 1371 1461 1479 1479 1489 1474 1481 1486 1466 1468 1465 1438 1445 1444 1455 1436 1443 1419 1415 1419 1405 1399 1400 1398 1394 1395 1408 1403 1380 1399 1401 1425 1440 1441 1453
948 928 917 911.5 907 882 860 839 816 799 772 752 730 711 687 676 667 664 706 756 781 784 786 786 776 781 782 787 804 811 813 812 814 822 826 818 829 837 851 889 916 944 982 1024 1087 1102 1144 1209 1277 1380 1404 1441 1480 1504 1511 1513 1506 1506 1505 1484 1482 1488 1477 1468.5 1477 1464 1457 1461 1439 1442 1445 1422 1417 1412 1414 1418 1432 1427 1413 1417 1432 1447 1468 1492 1469
929 910.5 911 901 892 868 845 823 817 797 778 756 737 710 689 674 663 674 705 723 779 783 786 792 778 779 782 789 798 807 805 807 811 813 818 818 825 839 875 891 915 959 975 1027 1067 1126 1155 1206 1244 1348 1399 1466 1505 1528 1534 1533 1520 1520 1519 1497 1503 1495 1507 1493 1507 1487 1490 1475 1457 1460 1465 1443 1438 1444 1445 1428 1439 1455 1447 1467 1463 1484 1499 1509.5 1516
901 893 897 891 866 847 824 804 785 777 758 742 719 696 674 671 660 660 745 782 790 800 808 797 778 777 780 783 795 802 794 802 808 816 818 818 830 844 851 866 890 909 956 993 1042 1085 1156 1181 1216 1286 1325 1427 1462 1534 1556 1558 1539 1556 1536 1541 1532 1526 1542 1525 1532 1535 1511 1499 1482 1470 1480 1488 1458 1465 1469 1468 1460 1484 1477 1489 1494 1501.5 1502 1527 1541
896.5 879 883 867 855 843 827 806 784 762 744 724 700 681 668 663 658 679 727 775 794 807 820 818 796 785 778 787 791.5 792 791 797.5 799 806 805 817 827 850 859 871 894 936 954 980 1047 1104 1188 1197 1236 1316 1356 1403 1446 1485 1520 1572 1577 1585 1558 1552 1557 1543 1548 1572 1554 1551 1531 1501 1504 1522 1504 1503 1505 1486 1486 1492 1495 1521 1527 1534 1544 1519 1538 1589 1577
892 889 867 849 844 824 806 787 772 749 729 714 688 671.5 662 655 660 675 697 787 798 824 828 819 810 774 773 777 788 782 786 793 791 800 810 811 824 847 861 887 890 916 934 959 1013 1080 1159 1186 1207 1289 1393 1404 1434 1463 1529 1540 1594 1598.5 1600 1577 1579 1568 1573 1590 1569 1565.5 1556 1527 1538 1544 1527 1528 1519 1532 1513 1513 1520 1550 1562 1583 1546 1563 1568 1593 1621
892 869 867 855 830 810 787 773 752 733 712 703.5 694 662 653 651 654 671 692 806 817 826 824 822 813 790 771.5 774 778 782 783 786 793 792.5 802 805 822 844 855 874 886 924 952 979 1005 1037 1090 1148 1178 1221 1321 1363 1399 1435 1487 1535.5 1596 1612 1622 1600 1599 1587 1591 1609 1608 1580 1567 1574 1556 1565 1564 1546 1533 1544 1549 1537 1558 1571 1593 1585 1576 1593 1599 1623 1648
882 865 850 832 819 799 772 767 748 731 714 693 670 648 655 653.5 663 671 695 757 814 838 829 824 821 797 770 768 773.5 775 780 780 786 785 795 804 813 836 869 876 902 940 968 1016 1047 1076 1097 1108 1179 1181 1238 1284 1320 1391 1446 1531 1562 1579 1632 1620.5 1614 1605 1621 1626.5 1629 1594 1598 1603 1575.5 1580 1583 1582 1566 1556 1569 1574 1581 1600 1608.5 1611 1608 1626 1625 1654 1678
870 851 853 827 786 776 758 753 735 711 691 670 649 645.5 651 656 650 662 721 778 840 843 835 826 811 797 786 762 769 768 771 776 777 788 793.5 803 813 848 883 903 928 936 1000 1050 1086 1115 1132 1178 1180 1250 1278 1304 1321 1376 1416 1450 1523 1553 1637 1641 1638 1653 1665 1644 1646 1647 1623 1618 1595 1599 1600 1587 1598 1583 1611 1628 1602 1608 1624 1639 1644 1659 1650 1655 1684
873 847 818 810 782 748 746.5 759 734 738 701.5 689 643 643 641 650 648.5 657 712 786 849 848 841 838 813 772 762 758 762 764.5 766 772 774 779 792 802 816 830 863 886 932.5 950 983 1032 1128 1171 1167 1259 1299 1330 1314 1341 1363 1388 1412 1447 1485 1551 1611 1674 1667 1679 1689 1696 1675 1672 1669 1644 1632 1618 1634 1613 1609 1614 1639 1646 1631 1641 1652 1671 1678 1681 1683 1701 1708
867 841 829 769 789 758 735 731 746 743 712 705 682 640 638.5 639 647 661 728 814 861 860 846 845 831 800 759 755 756 761 761 766 771 773 779 800 819 840 874 905 937 967 995 1051 1084 1147 1233 1272 1338 1366 1348 1392 1411 1431 1426 1442 1518 1542 1582 1659 1697 1691 1702 1712 1693 1693 1686 1660 1650 1650 1654 1626 1633 1652 1641 1681 1660 1667 1699 1701 1731 1700 1716 1720 1740
864 829 813 767 761 738 736 701 697 729 713 688 685 660 636 635 639 660 698 846 863.5 866 863 852 813 790 761 755 756 758 763 765 768 772 784 799 819 837 898 913 930 956 1020 1021 1090 1152 1203 1293 1320 1385 1421 1426 1446 1465 1453 1488 1496 1532 1605 1617 1677 1737 1723 1733 1737 1739 1713 1676 1687 1669 1669 1668 1662 1675 1696 1701 1677 1693 1726 1759 1764 1729 1747 1762 1766
844 820 804 779 750 738.5 717 689 678 711 695 676 670.5 665 647 633.5 635 638 751 831 866 863 863 858 837 822 768 755 756 760 762 768 771 778 781 794 817 849 872 939 937.5 986 1030 1052 1133 1185 1227 1251 1284 1350 1441 1479 1478 1495 1503 1506.5 1517 1549 1584 1657 1699 1764 1777 1756 1759 1759 1733 1707 1709 1689 1687 1706 1687 1682 1703 1722 1698 1722 1762 1791 1798 1770.5 1769 1808 1814
831 804 797 765 738 739 700 713 680 662 677 660 656 643 643 632 633 732 755 826 862 867 845 854 818 790 754 755 757 758 765 773 776 783 793 813 837 860 872 916 945 997 1040 1058 1119 1183 1233 1261 1368 1360 1403 1443 1476.5 1516 1537 1525 1536 1569 1605 1636 1674 1749 1800 1781 1783 1794 1768 1757 1728 1723 1727 1729 1709 1709 1731 1744 1743 1757 1796 1851 1832 1812 1822 1836 1888
805 788 754 744 728 730 722 709.5 699 664 661 654 644 640.5 629 631 653 738 762 849 858 851 827 835 808 792 753 756 758 763 770 781 781 790 797 806 835 881 894 924 953 996 1006 1033 1127 1207 1244 1300 1363 1429 1416 1443 1475 1581 1567 1574 1560 1590 1624 1658 1709 1725 1801 1824 1812 1813 1782 1767 1759 1744 1752 1768 1745 1749 1758 1768 1776 1759 1834 1894 1872 1852 1873 1875 1904
796 772 740 734 724 726 716 706 683 665 641 648 637 638 627 642 718 741 787 842 825 855 828 803 777 754 751 756 762 768 771 779 790 804 810 824 835 873 904 936 983 1004 1021 1051 1146 1194 1231 1283 1372 1413 1433 1482 1512 1552 1595 1617 1599 1612 1640 1643 1687 1763 1807 1846 1838 1827 1817 1790 1790 1794 1775 1802 1778 1778 1781 1782 1797 1804 1871 1912 1904 1876 1897 1916 1932
767 747 724 724 714 719 710 702 675 660.5 624 631 622 624 626 668 705 743 763 804 804 835 803 779 748 750.5 751 756 763 770 776 787 792.5 800 823 844 860 888 934 960 962 1018 1034 1074 1111 1223 1241 1294 1351 1414 1450 1517 1545 1573 1615 1645 1626 1642 1653.5 1661 1694 1723 1756 1858 1870 1841 1836 1838 1816 1833 1814 1822 1835 1804 1840 1815 1817 1854 1885 1938 1932 1911 1918 1928.5 1943
736 743 719 710 706 709 699 682 659 656 632 620 623.5 627 652 675 681 709 743 775 822 804 786 768 753 747 753 757 763 772 780 791 795 814 832 858 864 884 916 963.5 987 1014 1052 1090 1119 1151 1203 1312 1368 1399 1489 1525 1580 1608 1641 1666 1650 1664 1667 1693 1708 1747 1793 1831 1883 1889 1888 1865 1855 1865 1873 1856 1864 1841 1879 1869 1851 1900 1943 1944 1964 1969 1952 1941 1967
717 721 712 701 702 700 688 672 651 645 616 625 625 628 638 653 657 690 729 757 809 787 785 769 744 751 756 759 766 780 791 794.5 807 827 848 867 878 899 909 967 995 1024 1062 1105 1141 1189 1241 1329 1370 1423 1440 1495 1592 1644 1673 1675 1713 1690 1715 1717 1736 1761 1775 1844 1903 1911 1924 1902 1887 1897 1904 1926 1901 1894 1898 1873 1909 1982 2010 2010 1999 1980 1992 1978 1997
692 706 689 690 698 683 676 664 640 614 623 624.5 626 637 640 646 669 705 717.5 756 798 778 780 746 742 746 752 763 769.5 773 789 798 820 831 841 858 888 910 918 958 972 1028 1089 1142 1168 1178 1208 1291 1327 1391 1459 1493 1557 1594 1672 1705 1740 1713 1738 1736 1763 1780 1788 1856 1899 1946 1955 1932 1937 1956 1945 1962 1931 1924 1917 1935 1946 1981 2047 2048 2031 2049 2018 2009 2005.5714285714284415
698 660 672 685.5 684 674 667 652 633 613 621 624 629 633 641 650 654 684 706 750 768 768.5 742 739 742 749 760 768 773 784 796 803 827 835 852 869 900 914 931 962 986 1007 1092 1106 1166 1243 1277 1263 1340 1401 1442 1474 1525 1623 1654 1680 1737 1737 1753 1782 1787 1811 1810 1876 1933 1976 1979 1991 2001 1999 2002 1981 1958 1954 1982 1966 1981 2005 2080 2081 2104 2084 2053 2035.8499999999996817 1974.4000000000000909
688.5 681 664 681 670 653 658 639 615 613 622 626 631 636 648 652 659 663 727 721.5 743 759 735 733 741 751 759.5 767 776 794 809 811.5 831 844 864 880 888 918 946 970 1008 1022 1053 1080 1170 1214 1276 1302 1384 1422 1457 1476 1541 1592 1654 1710 1746 1768 1785 1805 1806 1834 1835 1905 1906 1965 1988 2019 2039 2031 2033 2009 2015 1991 2012 2001 2012 2043 2139 2103 2136 2118 2095 2040.7142857142855519 -999
679 661 662 667 651 640 636 613 613 613 614 626 638 642 651 654 664 677 696 693 717 714 722 726 739.5 751 759 776 784 799 805 820 837 847 864 891.5 897 915 938 965 987 1012 1067 1102 1132 1173 1232 1309 1374 1416 1442 1485 1506 1601 1634 1685 1719 1774 1803 1820.5 1829 1861 1861 1896 1929 1986 2010 2033 2080 2097 2072 2071 2041 2041 2020 2036 2056 2080 2125 2153 2146 2149 2074.7000000000002728 2012.5999999999999091 -999
656 640 648 653 638 637 623 612 612 611 611.5 618 637 645 651 655 666 673 683 690.5 700 711 717 731 738 757 761 774 785 794 808 830 846 853 863 903 916 947 966 983 986 1008 1060 1103 1154 1187 1238 1266 1313 1367 1425 1519 1554 1565 1627 1658 1722 1759 1811 1836 1855 1882 1886 1923 1945 2013 2039 2077 2115 2133 2130 2095 2064 2060 2053.5 2073 2088 2111 2153 2194 2177 2141 2075.8571428571426623 -999 -999
